1 2 9 491 
2 1 3 10 492 
3 2 4 11 493 
4 3 5 12 494 
5 4 6 13 495 
6 5 7 14 496 
7 6 8 15 497 
8 7 16 498 
9 1 10 17 499 
10 2 9 11 18 500 
11 3 10 12 19 501 
12 4 11 13 20 502 
13 5 12 14 21 503 
14 6 13 15 22 504 
15 7 14 16 23 505 
16 8 15 24 506 
17 9 18 25 507 
18 10 17 19 26 508 
19 11 18 20 27 28 509 
20 12 19 21 34 35 510 
21 13 20 22 44 45 511 
22 14 21 23 54 55 512 
23 15 22 24 64 65 513 
24 16 23 74 75 514 
25 17 26 78 515 
26 18 25 27 29 79 516 
27 19 26 28 29 517 
28 19 27 30 31 34 518 
29 26 27 30 32 80 519 
30 28 29 31 32 520 
31 28 30 33 36 521 
32 29 30 33 81 522 
33 31 32 38 82 83 523 
34 20 28 35 36 37 524 
35 20 34 40 41 44 525 
36 31 34 37 38 526 
37 34 36 39 40 527 
38 33 36 39 102 103 528 
39 37 38 42 106 107 529 
40 35 37 41 42 530 
41 35 40 43 46 531 
42 39 40 43 118 119 532 
43 41 42 48 122 123 533 
44 21 35 45 46 47 534 
45 21 44 50 51 54 535 
46 41 44 47 48 536 
47 44 46 49 50 537 
48 43 46 49 166 167 538 
49 47 48 52 170 171 539 
50 45 47 51 52 540 
51 45 50 53 56 541 
52 49 50 53 182 183 542 
53 51 52 58 186 187 543 
54 22 45 55 56 57 544 
55 22 54 60 61 64 545 
56 51 54 57 58 546 
57 54 56 59 60 547 
58 53 56 59 230 231 548 
59 57 58 62 234 235 549 
60 55 57 61 62 550 
61 55 60 63 66 551 
62 59 60 63 246 247 552 
63 61 62 68 250 251 553 
64 23 55 65 66 67 554 
65 23 64 70 71 74 555 
66 61 64 67 68 556 
67 64 66 69 70 557 
68 63 66 69 294 295 558 
69 67 68 72 298 299 559 
70 65 67 71 72 560 
71 65 70 73 76 561 
72 69 70 73 310 311 562 
73 71 72 76 314 315 563 
74 24 65 75 76 564 
75 24 74 77 565 
76 71 73 74 77 358 359 566 
77 75 76 362 567 
78 25 79 368 568 
79 26 78 80 91 369 569 
80 29 79 81 86 91 570 
81 32 80 82 84 86 571 
82 33 81 83 84 572 
83 33 82 85 102 573 
84 81 82 85 87 574 
85 83 84 88 104 575 
86 80 81 87 89 92 576 
87 84 86 88 89 577 
88 85 87 90 110 578 
89 86 87 90 93 579 
90 88 89 94 112 580 
91 79 80 92 97 370 581 
92 86 91 93 95 97 582 
93 89 92 94 95 583 
94 90 93 96 134 584 
95 92 93 96 98 585 
96 94 95 99 136 586 
97 91 92 98 100 371 587 
98 95 97 99 100 588 
99 96 98 101 142 589 
100 97 98 101 372 590 
101 99 100 144 373 591 
102 38 83 103 104 592 
103 38 102 105 106 593 
104 85 102 105 110 594 
105 103 104 108 111 595 
106 39 103 107 108 596 
107 39 106 109 118 597 
108 105 106 109 114 598 
109 107 108 115 120 599 
110 88 104 111 112 600 
111 105 110 113 114 601 
112 90 110 113 134 602 
113 111 112 116 135 603 
114 108 111 115 116 604 
115 109 114 117 126 605 
116 113 114 117 138 606 
117 115 116 128 139 607 
118 42 107 119 120 608 
119 42 118 121 122 609 
120 109 118 121 126 610 
121 119 120 124 127 611 
122 43 119 123 124 612 
123 43 122 125 166 613 
124 121 122 125 130 614 
125 123 124 131 168 615 
126 115 120 127 128 616 
127 121 126 129 130 617 
128 117 126 129 150 618 
129 127 128 132 151 619 
130 124 127 131 132 620 
131 125 130 133 174 621 
132 129 130 133 154 622 
133 131 132 155 176 623 
134 94 112 135 136 624 
135 113 134 137 138 625 
136 96 134 137 142 626 
137 135 136 140 143 627 
138 116 135 139 140 628 
139 117 138 141 150 629 
140 137 138 141 146 630 
141 139 140 147 152 631 
142 99 136 143 144 632 
143 137 142 145 146 633 
144 101 142 145 380 634 
145 143 144 148 381 635 
146 140 143 147 148 636 
147 141 146 149 158 637 
148 145 146 149 384 638 
149 147 148 160 385 639 
150 128 139 151 152 640 
151 129 150 153 154 641 
152 141 150 153 158 642 
153 151 152 156 159 643 
154 132 151 155 156 644 
155 133 154 157 198 645 
156 153 154 157 162 646 
157 155 156 163 200 647 
158 147 152 159 160 648 
159 153 158 161 162 649 
160 149 158 161 390 650 
161 159 160 164 391 651 
162 156 159 163 164 652 
163 157 162 165 206 653 
164 161 162 165 394 654 
165 163 164 208 395 655 
166 48 123 167 168 656 
167 48 166 169 170 657 
168 125 166 169 174 658 
169 167 168 172 175 659 
170 49 167 171 172 660 
171 49 170 173 182 661 
172 169 170 173 178 662 
173 171 172 179 184 663 
174 131 168 175 176 664 
175 169 174 177 178 665 
176 133 174 177 198 666 
177 175 176 180 199 667 
178 172 175 179 180 668 
179 173 178 181 190 669 
180 177 178 181 202 670 
181 179 180 192 203 671 
182 52 171 183 184 672 
183 52 182 185 186 673 
184 173 182 185 190 674 
185 183 184 188 191 675 
186 53 183 187 188 676 
187 53 186 189 230 677 
188 185 186 189 194 678 
189 187 188 195 232 679 
190 179 184 191 192 680 
191 185 190 193 194 681 
192 181 190 193 214 682 
193 191 192 196 215 683 
194 188 191 195 196 684 
195 189 194 197 238 685 
196 193 194 197 218 686 
197 195 196 219 240 687 
198 155 176 199 200 688 
199 177 198 201 202 689 
200 157 198 201 206 690 
201 199 200 204 207 691 
202 180 199 203 204 692 
203 181 202 205 214 693 
204 201 202 205 210 694 
205 203 204 211 216 695 
206 163 200 207 208 696 
207 201 206 209 210 697 
208 165 206 209 402 698 
209 207 208 212 403 699 
210 204 207 211 212 700 
211 205 210 213 222 701 
212 209 210 213 406 702 
213 211 212 224 407 703 
214 192 203 215 216 704 
215 193 214 217 218 705 
216 205 214 217 222 706 
217 215 216 220 223 707 
218 196 215 219 220 708 
219 197 218 221 262 709 
220 217 218 221 226 710 
221 219 220 227 264 711 
222 211 216 223 224 712 
223 217 222 225 226 713 
224 213 222 225 412 714 
225 223 224 228 413 715 
226 220 223 227 228 716 
227 221 226 229 270 717 
228 225 226 229 416 718 
229 227 228 272 417 719 
230 58 187 231 232 720 
231 58 230 233 234 721 
232 189 230 233 238 722 
233 231 232 236 239 723 
234 59 231 235 236 724 
235 59 234 237 246 725 
236 233 234 237 242 726 
237 235 236 243 248 727 
238 195 232 239 240 728 
239 233 238 241 242 729 
240 197 238 241 262 730 
241 239 240 244 263 731 
242 236 239 243 244 732 
243 237 242 245 254 733 
244 241 242 245 266 734 
245 243 244 256 267 735 
246 62 235 247 248 736 
247 62 246 249 250 737 
248 237 246 249 254 738 
249 247 248 252 255 739 
250 63 247 251 252 740 
251 63 250 253 294 741 
252 249 250 253 258 742 
253 251 252 259 296 743 
254 243 248 255 256 744 
255 249 254 257 258 745 
256 245 254 257 278 746 
257 255 256 260 279 747 
258 252 255 259 260 748 
259 253 258 261 302 749 
260 257 258 261 282 750 
261 259 260 283 304 751 
262 219 240 263 264 752 
263 241 262 265 266 753 
264 221 262 265 270 754 
265 263 264 268 271 755 
266 244 263 267 268 756 
267 245 266 269 278 757 
268 265 266 269 274 758 
269 267 268 275 280 759 
270 227 264 271 272 760 
271 265 270 273 274 761 
272 229 270 273 424 762 
273 271 272 276 425 763 
274 268 271 275 276 764 
275 269 274 277 286 765 
276 273 274 277 428 766 
277 275 276 288 429 767 
278 256 267 279 280 768 
279 257 278 281 282 769 
280 269 278 281 286 770 
281 279 280 284 287 771 
282 260 279 283 284 772 
283 261 282 285 326 773 
284 281 282 285 290 774 
285 283 284 291 328 775 
286 275 280 287 288 776 
287 281 286 289 290 777 
288 277 286 289 434 778 
289 287 288 292 435 779 
290 284 287 291 292 780 
291 285 290 293 334 781 
292 289 290 293 438 782 
293 291 292 336 439 783 
294 68 251 295 296 784 
295 68 294 297 298 785 
296 253 294 297 302 786 
297 295 296 300 303 787 
298 69 295 299 300 788 
299 69 298 301 310 789 
300 297 298 301 306 790 
301 299 300 307 312 791 
302 259 296 303 304 792 
303 297 302 305 306 793 
304 261 302 305 326 794 
305 303 304 308 327 795 
306 300 303 307 308 796 
307 301 306 309 318 797 
308 305 306 309 330 798 
309 307 308 320 331 799 
310 72 299 311 312 800 
311 72 310 313 314 801 
312 301 310 313 318 802 
313 311 312 316 319 803 
314 73 311 315 316 804 
315 73 314 317 358 805 
316 313 314 317 322 806 
317 315 316 323 358 807 
318 307 312 319 320 808 
319 313 318 321 322 809 
320 309 318 321 342 810 
321 319 320 324 343 811 
322 316 319 323 324 812 
323 317 322 325 360 813 
324 321 322 325 346 814 
325 323 324 347 360 815 
326 283 304 327 328 816 
327 305 326 329 330 817 
328 285 326 329 334 818 
329 327 328 332 335 819 
330 308 327 331 332 820 
331 309 330 333 342 821 
332 329 330 333 338 822 
333 331 332 339 344 823 
334 291 328 335 336 824 
335 329 334 337 338 825 
336 293 334 337 446 826 
337 335 336 340 447 827 
338 332 335 339 340 828 
339 333 338 341 350 829 
340 337 338 341 450 830 
341 339 340 352 451 831 
342 320 331 343 344 832 
343 321 342 345 346 833 
344 333 342 345 350 834 
345 343 344 348 351 835 
346 324 343 347 348 836 
347 325 346 349 363 837 
348 345 346 349 354 838 
349 347 348 355 363 839 
350 339 344 351 352 840 
351 345 350 353 354 841 
352 341 350 353 456 842 
353 351 352 356 457 843 
354 348 351 355 356 844 
355 349 354 357 365 845 
356 353 354 357 460 846 
357 355 356 365 461 847 
358 76 315 317 359 360 848 
359 76 358 361 362 849 
360 323 325 358 361 363 850 
361 359 360 362 364 851 
362 77 359 361 367 852 
363 347 349 360 364 365 853 
364 361 363 366 367 854 
365 355 357 363 366 468 855 
366 364 365 367 469 856 
367 362 364 366 472 857 
368 78 369 475 858 
369 79 368 370 378 476 859 
370 91 369 371 376 378 860 
371 97 370 372 374 376 861 
372 100 371 373 374 862 
373 101 372 375 380 863 
374 371 372 375 377 864 
375 373 374 377 382 865 
376 370 371 377 379 866 
377 374 375 376 379 388 867 
378 369 370 379 477 868 
379 376 377 378 400 477 869 
380 144 373 381 382 870 
381 145 380 383 384 871 
382 375 380 383 388 872 
383 381 382 386 388 873 
384 148 381 385 386 874 
385 149 384 387 390 875 
386 383 384 387 389 876 
387 385 386 389 392 877 
388 377 382 383 389 400 878 
389 386 387 388 398 400 879 
390 160 385 391 392 880 
391 161 390 393 394 881 
392 387 390 393 398 882 
393 391 392 396 398 883 
394 164 391 395 396 884 
395 165 394 397 402 885 
396 393 394 397 399 886 
397 395 396 399 404 887 
398 389 392 393 399 401 888 
399 396 397 398 401 410 889 
400 379 388 389 401 478 890 
401 398 399 400 422 478 891 
402 208 395 403 404 892 
403 209 402 405 406 893 
404 397 402 405 410 894 
405 403 404 408 410 895 
406 212 403 407 408 896 
407 213 406 409 412 897 
408 405 406 409 411 898 
409 407 408 411 414 899 
410 399 404 405 411 422 900 
411 408 409 410 420 422 901 
412 224 407 413 414 902 
413 225 412 415 416 903 
414 409 412 415 420 904 
415 413 414 418 420 905 
416 228 413 417 418 906 
417 229 416 419 424 907 
418 415 416 419 421 908 
419 417 418 421 426 909 
420 411 414 415 421 423 910 
421 418 419 420 423 432 911 
422 401 410 411 423 479 912 
423 420 421 422 444 479 913 
424 272 417 425 426 914 
425 273 424 427 428 915 
426 419 424 427 432 916 
427 425 426 430 432 917 
428 276 425 429 430 918 
429 277 428 431 434 919 
430 427 428 431 433 920 
431 429 430 433 436 921 
432 421 426 427 433 444 922 
433 430 431 432 442 444 923 
434 288 429 435 436 924 
435 289 434 437 438 925 
436 431 434 437 442 926 
437 435 436 440 442 927 
438 292 435 439 440 928 
439 293 438 441 446 929 
440 437 438 441 443 930 
441 439 440 443 448 931 
442 433 436 437 443 445 932 
443 440 441 442 445 454 933 
444 423 432 433 445 480 934 
445 442 443 444 466 480 935 
446 336 439 447 448 936 
447 337 446 449 450 937 
448 441 446 449 454 938 
449 447 448 452 454 939 
450 340 447 451 452 940 
451 341 450 453 456 941 
452 449 450 453 455 942 
453 451 452 455 458 943 
454 443 448 449 455 466 944 
455 452 453 454 464 466 945 
456 352 451 457 458 946 
457 353 456 459 460 947 
458 453 456 459 464 948 
459 457 458 462 464 949 
460 356 457 461 462 950 
461 357 460 463 468 951 
462 459 460 463 465 952 
463 461 462 465 468 953 
464 455 458 459 465 467 954 
465 462 463 464 467 470 955 
466 445 454 455 467 481 956 
467 464 465 466 473 481 957 
468 365 461 463 469 470 958 
469 366 468 471 472 959 
470 465 468 471 473 960 
471 469 470 472 473 961 
472 367 469 471 474 962 
473 467 470 471 474 482 963 
474 472 473 482 964 
475 368 476 483 965 
476 369 475 477 484 966 
477 378 379 476 478 485 967 
478 400 401 477 479 486 968 
479 422 423 478 480 487 969 
480 444 445 479 481 488 970 
481 466 467 480 482 489 971 
482 473 474 481 490 972 
483 475 484 973 
484 476 483 485 974 
485 477 484 486 975 
486 478 485 487 976 
487 479 486 488 977 
488 480 487 489 978 
489 481 488 490 979 
490 482 489 980 
491 1 492 499 981 
492 2 491 493 500 982 
493 3 492 494 501 983 
494 4 493 495 502 984 
495 5 494 496 503 985 
496 6 495 497 504 986 
497 7 496 498 505 987 
498 8 497 506 988 
499 9 491 500 507 989 
500 10 492 499 501 508 990 
501 11 493 500 502 509 991 
502 12 494 501 503 510 992 
503 13 495 502 504 511 993 
504 14 496 503 505 512 994 
505 15 497 504 506 513 995 
506 16 498 505 514 996 
507 17 499 508 515 997 
508 18 500 507 509 516 998 
509 19 501 508 510 517 518 999 
510 20 502 509 511 524 525 1000 
511 21 503 510 512 534 535 1001 
512 22 504 511 513 544 545 1002 
513 23 505 512 514 554 555 1003 
514 24 506 513 564 565 1004 
515 25 507 516 568 1005 
516 26 508 515 517 519 569 1006 
517 27 509 516 518 519 1007 
518 28 509 517 520 521 524 1008 
519 29 516 517 520 522 570 1009 
520 30 518 519 521 522 1010 
521 31 518 520 523 526 1011 
522 32 519 520 523 571 1012 
523 33 521 522 528 572 573 1013 
524 34 510 518 525 526 527 1014 
525 35 510 524 530 531 534 1015 
526 36 521 524 527 528 1016 
527 37 524 526 529 530 1017 
528 38 523 526 529 592 593 1018 
529 39 527 528 532 596 597 1019 
530 40 525 527 531 532 1020 
531 41 525 530 533 536 1021 
532 42 529 530 533 608 609 1022 
533 43 531 532 538 612 613 1023 
534 44 511 525 535 536 537 1024 
535 45 511 534 540 541 544 1025 
536 46 531 534 537 538 1026 
537 47 534 536 539 540 1027 
538 48 533 536 539 656 657 1028 
539 49 537 538 542 660 661 1029 
540 50 535 537 541 542 1030 
541 51 535 540 543 546 1031 
542 52 539 540 543 672 673 1032 
543 53 541 542 548 676 677 1033 
544 54 512 535 545 546 547 1034 
545 55 512 544 550 551 554 1035 
546 56 541 544 547 548 1036 
547 57 544 546 549 550 1037 
548 58 543 546 549 720 721 1038 
549 59 547 548 552 724 725 1039 
550 60 545 547 551 552 1040 
551 61 545 550 553 556 1041 
552 62 549 550 553 736 737 1042 
553 63 551 552 558 740 741 1043 
554 64 513 545 555 556 557 1044 
555 65 513 554 560 561 564 1045 
556 66 551 554 557 558 1046 
557 67 554 556 559 560 1047 
558 68 553 556 559 784 785 1048 
559 69 557 558 562 788 789 1049 
560 70 555 557 561 562 1050 
561 71 555 560 563 566 1051 
562 72 559 560 563 800 801 1052 
563 73 561 562 566 804 805 1053 
564 74 514 555 565 566 1054 
565 75 514 564 567 1055 
566 76 561 563 564 567 848 849 1056 
567 77 565 566 852 1057 
568 78 515 569 858 1058 
569 79 516 568 570 581 859 1059 
570 80 519 569 571 576 581 1060 
571 81 522 570 572 574 576 1061 
572 82 523 571 573 574 1062 
573 83 523 572 575 592 1063 
574 84 571 572 575 577 1064 
575 85 573 574 578 594 1065 
576 86 570 571 577 579 582 1066 
577 87 574 576 578 579 1067 
578 88 575 577 580 600 1068 
579 89 576 577 580 583 1069 
580 90 578 579 584 602 1070 
581 91 569 570 582 587 860 1071 
582 92 576 581 583 585 587 1072 
583 93 579 582 584 585 1073 
584 94 580 583 586 624 1074 
585 95 582 583 586 588 1075 
586 96 584 585 589 626 1076 
587 97 581 582 588 590 861 1077 
588 98 585 587 589 590 1078 
589 99 586 588 591 632 1079 
590 100 587 588 591 862 1080 
591 101 589 590 634 863 1081 
592 102 528 573 593 594 1082 
593 103 528 592 595 596 1083 
594 104 575 592 595 600 1084 
595 105 593 594 598 601 1085 
596 106 529 593 597 598 1086 
597 107 529 596 599 608 1087 
598 108 595 596 599 604 1088 
599 109 597 598 605 610 1089 
600 110 578 594 601 602 1090 
601 111 595 600 603 604 1091 
602 112 580 600 603 624 1092 
603 113 601 602 606 625 1093 
604 114 598 601 605 606 1094 
605 115 599 604 607 616 1095 
606 116 603 604 607 628 1096 
607 117 605 606 618 629 1097 
608 118 532 597 609 610 1098 
609 119 532 608 611 612 1099 
610 120 599 608 611 616 1100 
611 121 609 610 614 617 1101 
612 122 533 609 613 614 1102 
613 123 533 612 615 656 1103 
614 124 611 612 615 620 1104 
615 125 613 614 621 658 1105 
616 126 605 610 617 618 1106 
617 127 611 616 619 620 1107 
618 128 607 616 619 640 1108 
619 129 617 618 622 641 1109 
620 130 614 617 621 622 1110 
621 131 615 620 623 664 1111 
622 132 619 620 623 644 1112 
623 133 621 622 645 666 1113 
624 134 584 602 625 626 1114 
625 135 603 624 627 628 1115 
626 136 586 624 627 632 1116 
627 137 625 626 630 633 1117 
628 138 606 625 629 630 1118 
629 139 607 628 631 640 1119 
630 140 627 628 631 636 1120 
631 141 629 630 637 642 1121 
632 142 589 626 633 634 1122 
633 143 627 632 635 636 1123 
634 144 591 632 635 870 1124 
635 145 633 634 638 871 1125 
636 146 630 633 637 638 1126 
637 147 631 636 639 648 1127 
638 148 635 636 639 874 1128 
639 149 637 638 650 875 1129 
640 150 618 629 641 642 1130 
641 151 619 640 643 644 1131 
642 152 631 640 643 648 1132 
643 153 641 642 646 649 1133 
644 154 622 641 645 646 1134 
645 155 623 644 647 688 1135 
646 156 643 644 647 652 1136 
647 157 645 646 653 690 1137 
648 158 637 642 649 650 1138 
649 159 643 648 651 652 1139 
650 160 639 648 651 880 1140 
651 161 649 650 654 881 1141 
652 162 646 649 653 654 1142 
653 163 647 652 655 696 1143 
654 164 651 652 655 884 1144 
655 165 653 654 698 885 1145 
656 166 538 613 657 658 1146 
657 167 538 656 659 660 1147 
658 168 615 656 659 664 1148 
659 169 657 658 662 665 1149 
660 170 539 657 661 662 1150 
661 171 539 660 663 672 1151 
662 172 659 660 663 668 1152 
663 173 661 662 669 674 1153 
664 174 621 658 665 666 1154 
665 175 659 664 667 668 1155 
666 176 623 664 667 688 1156 
667 177 665 666 670 689 1157 
668 178 662 665 669 670 1158 
669 179 663 668 671 680 1159 
670 180 667 668 671 692 1160 
671 181 669 670 682 693 1161 
672 182 542 661 673 674 1162 
673 183 542 672 675 676 1163 
674 184 663 672 675 680 1164 
675 185 673 674 678 681 1165 
676 186 543 673 677 678 1166 
677 187 543 676 679 720 1167 
678 188 675 676 679 684 1168 
679 189 677 678 685 722 1169 
680 190 669 674 681 682 1170 
681 191 675 680 683 684 1171 
682 192 671 680 683 704 1172 
683 193 681 682 686 705 1173 
684 194 678 681 685 686 1174 
685 195 679 684 687 728 1175 
686 196 683 684 687 708 1176 
687 197 685 686 709 730 1177 
688 198 645 666 689 690 1178 
689 199 667 688 691 692 1179 
690 200 647 688 691 696 1180 
691 201 689 690 694 697 1181 
692 202 670 689 693 694 1182 
693 203 671 692 695 704 1183 
694 204 691 692 695 700 1184 
695 205 693 694 701 706 1185 
696 206 653 690 697 698 1186 
697 207 691 696 699 700 1187 
698 208 655 696 699 892 1188 
699 209 697 698 702 893 1189 
700 210 694 697 701 702 1190 
701 211 695 700 703 712 1191 
702 212 699 700 703 896 1192 
703 213 701 702 714 897 1193 
704 214 682 693 705 706 1194 
705 215 683 704 707 708 1195 
706 216 695 704 707 712 1196 
707 217 705 706 710 713 1197 
708 218 686 705 709 710 1198 
709 219 687 708 711 752 1199 
710 220 707 708 711 716 1200 
711 221 709 710 717 754 1201 
712 222 701 706 713 714 1202 
713 223 707 712 715 716 1203 
714 224 703 712 715 902 1204 
715 225 713 714 718 903 1205 
716 226 710 713 717 718 1206 
717 227 711 716 719 760 1207 
718 228 715 716 719 906 1208 
719 229 717 718 762 907 1209 
720 230 548 677 721 722 1210 
721 231 548 720 723 724 1211 
722 232 679 720 723 728 1212 
723 233 721 722 726 729 1213 
724 234 549 721 725 726 1214 
725 235 549 724 727 736 1215 
726 236 723 724 727 732 1216 
727 237 725 726 733 738 1217 
728 238 685 722 729 730 1218 
729 239 723 728 731 732 1219 
730 240 687 728 731 752 1220 
731 241 729 730 734 753 1221 
732 242 726 729 733 734 1222 
733 243 727 732 735 744 1223 
734 244 731 732 735 756 1224 
735 245 733 734 746 757 1225 
736 246 552 725 737 738 1226 
737 247 552 736 739 740 1227 
738 248 727 736 739 744 1228 
739 249 737 738 742 745 1229 
740 250 553 737 741 742 1230 
741 251 553 740 743 784 1231 
742 252 739 740 743 748 1232 
743 253 741 742 749 786 1233 
744 254 733 738 745 746 1234 
745 255 739 744 747 748 1235 
746 256 735 744 747 768 1236 
747 257 745 746 750 769 1237 
748 258 742 745 749 750 1238 
749 259 743 748 751 792 1239 
750 260 747 748 751 772 1240 
751 261 749 750 773 794 1241 
752 262 709 730 753 754 1242 
753 263 731 752 755 756 1243 
754 264 711 752 755 760 1244 
755 265 753 754 758 761 1245 
756 266 734 753 757 758 1246 
757 267 735 756 759 768 1247 
758 268 755 756 759 764 1248 
759 269 757 758 765 770 1249 
760 270 717 754 761 762 1250 
761 271 755 760 763 764 1251 
762 272 719 760 763 914 1252 
763 273 761 762 766 915 1253 
764 274 758 761 765 766 1254 
765 275 759 764 767 776 1255 
766 276 763 764 767 918 1256 
767 277 765 766 778 919 1257 
768 278 746 757 769 770 1258 
769 279 747 768 771 772 1259 
770 280 759 768 771 776 1260 
771 281 769 770 774 777 1261 
772 282 750 769 773 774 1262 
773 283 751 772 775 816 1263 
774 284 771 772 775 780 1264 
775 285 773 774 781 818 1265 
776 286 765 770 777 778 1266 
777 287 771 776 779 780 1267 
778 288 767 776 779 924 1268 
779 289 777 778 782 925 1269 
780 290 774 777 781 782 1270 
781 291 775 780 783 824 1271 
782 292 779 780 783 928 1272 
783 293 781 782 826 929 1273 
784 294 558 741 785 786 1274 
785 295 558 784 787 788 1275 
786 296 743 784 787 792 1276 
787 297 785 786 790 793 1277 
788 298 559 785 789 790 1278 
789 299 559 788 791 800 1279 
790 300 787 788 791 796 1280 
791 301 789 790 797 802 1281 
792 302 749 786 793 794 1282 
793 303 787 792 795 796 1283 
794 304 751 792 795 816 1284 
795 305 793 794 798 817 1285 
796 306 790 793 797 798 1286 
797 307 791 796 799 808 1287 
798 308 795 796 799 820 1288 
799 309 797 798 810 821 1289 
800 310 562 789 801 802 1290 
801 311 562 800 803 804 1291 
802 312 791 800 803 808 1292 
803 313 801 802 806 809 1293 
804 314 563 801 805 806 1294 
805 315 563 804 807 848 1295 
806 316 803 804 807 812 1296 
807 317 805 806 813 848 1297 
808 318 797 802 809 810 1298 
809 319 803 808 811 812 1299 
810 320 799 808 811 832 1300 
811 321 809 810 814 833 1301 
812 322 806 809 813 814 1302 
813 323 807 812 815 850 1303 
814 324 811 812 815 836 1304 
815 325 813 814 837 850 1305 
816 326 773 794 817 818 1306 
817 327 795 816 819 820 1307 
818 328 775 816 819 824 1308 
819 329 817 818 822 825 1309 
820 330 798 817 821 822 1310 
821 331 799 820 823 832 1311 
822 332 819 820 823 828 1312 
823 333 821 822 829 834 1313 
824 334 781 818 825 826 1314 
825 335 819 824 827 828 1315 
826 336 783 824 827 936 1316 
827 337 825 826 830 937 1317 
828 338 822 825 829 830 1318 
829 339 823 828 831 840 1319 
830 340 827 828 831 940 1320 
831 341 829 830 842 941 1321 
832 342 810 821 833 834 1322 
833 343 811 832 835 836 1323 
834 344 823 832 835 840 1324 
835 345 833 834 838 841 1325 
836 346 814 833 837 838 1326 
837 347 815 836 839 853 1327 
838 348 835 836 839 844 1328 
839 349 837 838 845 853 1329 
840 350 829 834 841 842 1330 
841 351 835 840 843 844 1331 
842 352 831 840 843 946 1332 
843 353 841 842 846 947 1333 
844 354 838 841 845 846 1334 
845 355 839 844 847 855 1335 
846 356 843 844 847 950 1336 
847 357 845 846 855 951 1337 
848 358 566 805 807 849 850 1338 
849 359 566 848 851 852 1339 
850 360 813 815 848 851 853 1340 
851 361 849 850 852 854 1341 
852 362 567 849 851 857 1342 
853 363 837 839 850 854 855 1343 
854 364 851 853 856 857 1344 
855 365 845 847 853 856 958 1345 
856 366 854 855 857 959 1346 
857 367 852 854 856 962 1347 
858 368 568 859 965 1348 
859 369 569 858 860 868 966 1349 
860 370 581 859 861 866 868 1350 
861 371 587 860 862 864 866 1351 
862 372 590 861 863 864 1352 
863 373 591 862 865 870 1353 
864 374 861 862 865 867 1354 
865 375 863 864 867 872 1355 
866 376 860 861 867 869 1356 
867 377 864 865 866 869 878 1357 
868 378 859 860 869 967 1358 
869 379 866 867 868 890 967 1359 
870 380 634 863 871 872 1360 
871 381 635 870 873 874 1361 
872 382 865 870 873 878 1362 
873 383 871 872 876 878 1363 
874 384 638 871 875 876 1364 
875 385 639 874 877 880 1365 
876 386 873 874 877 879 1366 
877 387 875 876 879 882 1367 
878 388 867 872 873 879 890 1368 
879 389 876 877 878 888 890 1369 
880 390 650 875 881 882 1370 
881 391 651 880 883 884 1371 
882 392 877 880 883 888 1372 
883 393 881 882 886 888 1373 
884 394 654 881 885 886 1374 
885 395 655 884 887 892 1375 
886 396 883 884 887 889 1376 
887 397 885 886 889 894 1377 
888 398 879 882 883 889 891 1378 
889 399 886 887 888 891 900 1379 
890 400 869 878 879 891 968 1380 
891 401 888 889 890 912 968 1381 
892 402 698 885 893 894 1382 
893 403 699 892 895 896 1383 
894 404 887 892 895 900 1384 
895 405 893 894 898 900 1385 
896 406 702 893 897 898 1386 
897 407 703 896 899 902 1387 
898 408 895 896 899 901 1388 
899 409 897 898 901 904 1389 
900 410 889 894 895 901 912 1390 
901 411 898 899 900 910 912 1391 
902 412 714 897 903 904 1392 
903 413 715 902 905 906 1393 
904 414 899 902 905 910 1394 
905 415 903 904 908 910 1395 
906 416 718 903 907 908 1396 
907 417 719 906 909 914 1397 
908 418 905 906 909 911 1398 
909 419 907 908 911 916 1399 
910 420 901 904 905 911 913 1400 
911 421 908 909 910 913 922 1401 
912 422 891 900 901 913 969 1402 
913 423 910 911 912 934 969 1403 
914 424 762 907 915 916 1404 
915 425 763 914 917 918 1405 
916 426 909 914 917 922 1406 
917 427 915 916 920 922 1407 
918 428 766 915 919 920 1408 
919 429 767 918 921 924 1409 
920 430 917 918 921 923 1410 
921 431 919 920 923 926 1411 
922 432 911 916 917 923 934 1412 
923 433 920 921 922 932 934 1413 
924 434 778 919 925 926 1414 
925 435 779 924 927 928 1415 
926 436 921 924 927 932 1416 
927 437 925 926 930 932 1417 
928 438 782 925 929 930 1418 
929 439 783 928 931 936 1419 
930 440 927 928 931 933 1420 
931 441 929 930 933 938 1421 
932 442 923 926 927 933 935 1422 
933 443 930 931 932 935 944 1423 
934 444 913 922 923 935 970 1424 
935 445 932 933 934 956 970 1425 
936 446 826 929 937 938 1426 
937 447 827 936 939 940 1427 
938 448 931 936 939 944 1428 
939 449 937 938 942 944 1429 
940 450 830 937 941 942 1430 
941 451 831 940 943 946 1431 
942 452 939 940 943 945 1432 
943 453 941 942 945 948 1433 
944 454 933 938 939 945 956 1434 
945 455 942 943 944 954 956 1435 
946 456 842 941 947 948 1436 
947 457 843 946 949 950 1437 
948 458 943 946 949 954 1438 
949 459 947 948 952 954 1439 
950 460 846 947 951 952 1440 
951 461 847 950 953 958 1441 
952 462 949 950 953 955 1442 
953 463 951 952 955 958 1443 
954 464 945 948 949 955 957 1444 
955 465 952 953 954 957 960 1445 
956 466 935 944 945 957 971 1446 
957 467 954 955 956 963 971 1447 
958 468 855 951 953 959 960 1448 
959 469 856 958 961 962 1449 
960 470 955 958 961 963 1450 
961 471 959 960 962 963 1451 
962 472 857 959 961 964 1452 
963 473 957 960 961 964 972 1453 
964 474 962 963 972 1454 
965 475 858 966 973 1455 
966 476 859 965 967 974 1456 
967 477 868 869 966 968 975 1457 
968 478 890 891 967 969 976 1458 
969 479 912 913 968 970 977 1459 
970 480 934 935 969 971 978 1460 
971 481 956 957 970 972 979 1461 
972 482 963 964 971 980 1462 
973 483 965 974 1463 
974 484 966 973 975 1464 
975 485 967 974 976 1465 
976 486 968 975 977 1466 
977 487 969 976 978 1467 
978 488 970 977 979 1468 
979 489 971 978 980 1469 
980 490 972 979 1470 
981 491 982 989 1471 
982 492 981 983 990 1472 
983 493 982 984 991 1473 
984 494 983 985 992 1474 
985 495 984 986 993 1475 
986 496 985 987 994 1476 
987 497 986 988 995 1477 
988 498 987 996 1478 
989 499 981 990 997 1479 
990 500 982 989 991 998 1480 
991 501 983 990 992 999 1481 
992 502 984 991 993 1000 1482 
993 503 985 992 994 1001 1483 
994 504 986 993 995 1002 1484 
995 505 987 994 996 1003 1485 
996 506 988 995 1004 1486 
997 507 989 998 1005 1487 
998 508 990 997 999 1006 1488 
999 509 991 998 1000 1007 1008 1489 
1000 510 992 999 1001 1014 1015 1490 
1001 511 993 1000 1002 1024 1025 1491 
1002 512 994 1001 1003 1034 1035 1492 
1003 513 995 1002 1004 1044 1045 1493 
1004 514 996 1003 1054 1055 1494 
1005 515 997 1006 1058 1495 
1006 516 998 1005 1007 1009 1059 1496 
1007 517 999 1006 1008 1009 1497 
1008 518 999 1007 1010 1011 1014 1498 
1009 519 1006 1007 1010 1012 1060 1499 
1010 520 1008 1009 1011 1012 1500 
1011 521 1008 1010 1013 1016 1501 
1012 522 1009 1010 1013 1061 1502 
1013 523 1011 1012 1018 1062 1063 1503 
1014 524 1000 1008 1015 1016 1017 1504 
1015 525 1000 1014 1020 1021 1024 1505 
1016 526 1011 1014 1017 1018 1506 
1017 527 1014 1016 1019 1020 1507 
1018 528 1013 1016 1019 1082 1083 1508 
1019 529 1017 1018 1022 1086 1087 1509 
1020 530 1015 1017 1021 1022 1510 
1021 531 1015 1020 1023 1026 1511 
1022 532 1019 1020 1023 1098 1099 1512 
1023 533 1021 1022 1028 1102 1103 1513 
1024 534 1001 1015 1025 1026 1027 1514 
1025 535 1001 1024 1030 1031 1034 1515 
1026 536 1021 1024 1027 1028 1516 
1027 537 1024 1026 1029 1030 1517 
1028 538 1023 1026 1029 1146 1147 1518 
1029 539 1027 1028 1032 1150 1151 1519 
1030 540 1025 1027 1031 1032 1520 
1031 541 1025 1030 1033 1036 1521 
1032 542 1029 1030 1033 1162 1163 1522 
1033 543 1031 1032 1038 1166 1167 1523 
1034 544 1002 1025 1035 1036 1037 1524 
1035 545 1002 1034 1040 1041 1044 1525 
1036 546 1031 1034 1037 1038 1526 
1037 547 1034 1036 1039 1040 1527 
1038 548 1033 1036 1039 1210 1211 1528 
1039 549 1037 1038 1042 1214 1215 1529 
1040 550 1035 1037 1041 1042 1530 
1041 551 1035 1040 1043 1046 1531 
1042 552 1039 1040 1043 1226 1227 1532 
1043 553 1041 1042 1048 1230 1231 1533 
1044 554 1003 1035 1045 1046 1047 1534 
1045 555 1003 1044 1050 1051 1054 1535 
1046 556 1041 1044 1047 1048 1536 
1047 557 1044 1046 1049 1050 1537 
1048 558 1043 1046 1049 1274 1275 1538 
1049 559 1047 1048 1052 1278 1279 1539 
1050 560 1045 1047 1051 1052 1540 
1051 561 1045 1050 1053 1056 1541 
1052 562 1049 1050 1053 1290 1291 1542 
1053 563 1051 1052 1056 1294 1295 1543 
1054 564 1004 1045 1055 1056 1544 
1055 565 1004 1054 1057 1545 
1056 566 1051 1053 1054 1057 1338 1339 1546 
1057 567 1055 1056 1342 1547 
1058 568 1005 1059 1348 1548 
1059 569 1006 1058 1060 1071 1349 1549 
1060 570 1009 1059 1061 1066 1071 1550 
1061 571 1012 1060 1062 1064 1066 1551 
1062 572 1013 1061 1063 1064 1552 
1063 573 1013 1062 1065 1082 1553 
1064 574 1061 1062 1065 1067 1554 
1065 575 1063 1064 1068 1084 1555 
1066 576 1060 1061 1067 1069 1072 1556 
1067 577 1064 1066 1068 1069 1557 
1068 578 1065 1067 1070 1090 1558 
1069 579 1066 1067 1070 1073 1559 
1070 580 1068 1069 1074 1092 1560 
1071 581 1059 1060 1072 1077 1350 1561 
1072 582 1066 1071 1073 1075 1077 1562 
1073 583 1069 1072 1074 1075 1563 
1074 584 1070 1073 1076 1114 1564 
1075 585 1072 1073 1076 1078 1565 
1076 586 1074 1075 1079 1116 1566 
1077 587 1071 1072 1078 1080 1351 1567 
1078 588 1075 1077 1079 1080 1568 
1079 589 1076 1078 1081 1122 1569 
1080 590 1077 1078 1081 1352 1570 
1081 591 1079 1080 1124 1353 1571 
1082 592 1018 1063 1083 1084 1572 
1083 593 1018 1082 1085 1086 1573 
1084 594 1065 1082 1085 1090 1574 
1085 595 1083 1084 1088 1091 1575 
1086 596 1019 1083 1087 1088 1576 
1087 597 1019 1086 1089 1098 1577 
1088 598 1085 1086 1089 1094 1578 
1089 599 1087 1088 1095 1100 1579 
1090 600 1068 1084 1091 1092 1580 
1091 601 1085 1090 1093 1094 1581 
1092 602 1070 1090 1093 1114 1582 
1093 603 1091 1092 1096 1115 1583 
1094 604 1088 1091 1095 1096 1584 
1095 605 1089 1094 1097 1106 1585 
1096 606 1093 1094 1097 1118 1586 
1097 607 1095 1096 1108 1119 1587 
1098 608 1022 1087 1099 1100 1588 
1099 609 1022 1098 1101 1102 1589 
1100 610 1089 1098 1101 1106 1590 
1101 611 1099 1100 1104 1107 1591 
1102 612 1023 1099 1103 1104 1592 
1103 613 1023 1102 1105 1146 1593 
1104 614 1101 1102 1105 1110 1594 
1105 615 1103 1104 1111 1148 1595 
1106 616 1095 1100 1107 1108 1596 
1107 617 1101 1106 1109 1110 1597 
1108 618 1097 1106 1109 1130 1598 
1109 619 1107 1108 1112 1131 1599 
1110 620 1104 1107 1111 1112 1600 
1111 621 1105 1110 1113 1154 1601 
1112 622 1109 1110 1113 1134 1602 
1113 623 1111 1112 1135 1156 1603 
1114 624 1074 1092 1115 1116 1604 
1115 625 1093 1114 1117 1118 1605 
1116 626 1076 1114 1117 1122 1606 
1117 627 1115 1116 1120 1123 1607 
1118 628 1096 1115 1119 1120 1608 
1119 629 1097 1118 1121 1130 1609 
1120 630 1117 1118 1121 1126 1610 
1121 631 1119 1120 1127 1132 1611 
1122 632 1079 1116 1123 1124 1612 
1123 633 1117 1122 1125 1126 1613 
1124 634 1081 1122 1125 1360 1614 
1125 635 1123 1124 1128 1361 1615 
1126 636 1120 1123 1127 1128 1616 
1127 637 1121 1126 1129 1138 1617 
1128 638 1125 1126 1129 1364 1618 
1129 639 1127 1128 1140 1365 1619 
1130 640 1108 1119 1131 1132 1620 
1131 641 1109 1130 1133 1134 1621 
1132 642 1121 1130 1133 1138 1622 
1133 643 1131 1132 1136 1139 1623 
1134 644 1112 1131 1135 1136 1624 
1135 645 1113 1134 1137 1178 1625 
1136 646 1133 1134 1137 1142 1626 
1137 647 1135 1136 1143 1180 1627 
1138 648 1127 1132 1139 1140 1628 
1139 649 1133 1138 1141 1142 1629 
1140 650 1129 1138 1141 1370 1630 
1141 651 1139 1140 1144 1371 1631 
1142 652 1136 1139 1143 1144 1632 
1143 653 1137 1142 1145 1186 1633 
1144 654 1141 1142 1145 1374 1634 
1145 655 1143 1144 1188 1375 1635 
1146 656 1028 1103 1147 1148 1636 
1147 657 1028 1146 1149 1150 1637 
1148 658 1105 1146 1149 1154 1638 
1149 659 1147 1148 1152 1155 1639 
1150 660 1029 1147 1151 1152 1640 
1151 661 1029 1150 1153 1162 1641 
1152 662 1149 1150 1153 1158 1642 
1153 663 1151 1152 1159 1164 1643 
1154 664 1111 1148 1155 1156 1644 
1155 665 1149 1154 1157 1158 1645 
1156 666 1113 1154 1157 1178 1646 
1157 667 1155 1156 1160 1179 1647 
1158 668 1152 1155 1159 1160 1648 
1159 669 1153 1158 1161 1170 1649 
1160 670 1157 1158 1161 1182 1650 
1161 671 1159 1160 1172 1183 1651 
1162 672 1032 1151 1163 1164 1652 
1163 673 1032 1162 1165 1166 1653 
1164 674 1153 1162 1165 1170 1654 
1165 675 1163 1164 1168 1171 1655 
1166 676 1033 1163 1167 1168 1656 
1167 677 1033 1166 1169 1210 1657 
1168 678 1165 1166 1169 1174 1658 
1169 679 1167 1168 1175 1212 1659 
1170 680 1159 1164 1171 1172 1660 
1171 681 1165 1170 1173 1174 1661 
1172 682 1161 1170 1173 1194 1662 
1173 683 1171 1172 1176 1195 1663 
1174 684 1168 1171 1175 1176 1664 
1175 685 1169 1174 1177 1218 1665 
1176 686 1173 1174 1177 1198 1666 
1177 687 1175 1176 1199 1220 1667 
1178 688 1135 1156 1179 1180 1668 
1179 689 1157 1178 1181 1182 1669 
1180 690 1137 1178 1181 1186 1670 
1181 691 1179 1180 1184 1187 1671 
1182 692 1160 1179 1183 1184 1672 
1183 693 1161 1182 1185 1194 1673 
1184 694 1181 1182 1185 1190 1674 
1185 695 1183 1184 1191 1196 1675 
1186 696 1143 1180 1187 1188 1676 
1187 697 1181 1186 1189 1190 1677 
1188 698 1145 1186 1189 1382 1678 
1189 699 1187 1188 1192 1383 1679 
1190 700 1184 1187 1191 1192 1680 
1191 701 1185 1190 1193 1202 1681 
1192 702 1189 1190 1193 1386 1682 
1193 703 1191 1192 1204 1387 1683 
1194 704 1172 1183 1195 1196 1684 
1195 705 1173 1194 1197 1198 1685 
1196 706 1185 1194 1197 1202 1686 
1197 707 1195 1196 1200 1203 1687 
1198 708 1176 1195 1199 1200 1688 
1199 709 1177 1198 1201 1242 1689 
1200 710 1197 1198 1201 1206 1690 
1201 711 1199 1200 1207 1244 1691 
1202 712 1191 1196 1203 1204 1692 
1203 713 1197 1202 1205 1206 1693 
1204 714 1193 1202 1205 1392 1694 
1205 715 1203 1204 1208 1393 1695 
1206 716 1200 1203 1207 1208 1696 
1207 717 1201 1206 1209 1250 1697 
1208 718 1205 1206 1209 1396 1698 
1209 719 1207 1208 1252 1397 1699 
1210 720 1038 1167 1211 1212 1700 
1211 721 1038 1210 1213 1214 1701 
1212 722 1169 1210 1213 1218 1702 
1213 723 1211 1212 1216 1219 1703 
1214 724 1039 1211 1215 1216 1704 
1215 725 1039 1214 1217 1226 1705 
1216 726 1213 1214 1217 1222 1706 
1217 727 1215 1216 1223 1228 1707 
1218 728 1175 1212 1219 1220 1708 
1219 729 1213 1218 1221 1222 1709 
1220 730 1177 1218 1221 1242 1710 
1221 731 1219 1220 1224 1243 1711 
1222 732 1216 1219 1223 1224 1712 
1223 733 1217 1222 1225 1234 1713 
1224 734 1221 1222 1225 1246 1714 
1225 735 1223 1224 1236 1247 1715 
1226 736 1042 1215 1227 1228 1716 
1227 737 1042 1226 1229 1230 1717 
1228 738 1217 1226 1229 1234 1718 
1229 739 1227 1228 1232 1235 1719 
1230 740 1043 1227 1231 1232 1720 
1231 741 1043 1230 1233 1274 1721 
1232 742 1229 1230 1233 1238 1722 
1233 743 1231 1232 1239 1276 1723 
1234 744 1223 1228 1235 1236 1724 
1235 745 1229 1234 1237 1238 1725 
1236 746 1225 1234 1237 1258 1726 
1237 747 1235 1236 1240 1259 1727 
1238 748 1232 1235 1239 1240 1728 
1239 749 1233 1238 1241 1282 1729 
1240 750 1237 1238 1241 1262 1730 
1241 751 1239 1240 1263 1284 1731 
1242 752 1199 1220 1243 1244 1732 
1243 753 1221 1242 1245 1246 1733 
1244 754 1201 1242 1245 1250 1734 
1245 755 1243 1244 1248 1251 1735 
1246 756 1224 1243 1247 1248 1736 
1247 757 1225 1246 1249 1258 1737 
1248 758 1245 1246 1249 1254 1738 
1249 759 1247 1248 1255 1260 1739 
1250 760 1207 1244 1251 1252 1740 
1251 761 1245 1250 1253 1254 1741 
1252 762 1209 1250 1253 1404 1742 
1253 763 1251 1252 1256 1405 1743 
1254 764 1248 1251 1255 1256 1744 
1255 765 1249 1254 1257 1266 1745 
1256 766 1253 1254 1257 1408 1746 
1257 767 1255 1256 1268 1409 1747 
1258 768 1236 1247 1259 1260 1748 
1259 769 1237 1258 1261 1262 1749 
1260 770 1249 1258 1261 1266 1750 
1261 771 1259 1260 1264 1267 1751 
1262 772 1240 1259 1263 1264 1752 
1263 773 1241 1262 1265 1306 1753 
1264 774 1261 1262 1265 1270 1754 
1265 775 1263 1264 1271 1308 1755 
1266 776 1255 1260 1267 1268 1756 
1267 777 1261 1266 1269 1270 1757 
1268 778 1257 1266 1269 1414 1758 
1269 779 1267 1268 1272 1415 1759 
1270 780 1264 1267 1271 1272 1760 
1271 781 1265 1270 1273 1314 1761 
1272 782 1269 1270 1273 1418 1762 
1273 783 1271 1272 1316 1419 1763 
1274 784 1048 1231 1275 1276 1764 
1275 785 1048 1274 1277 1278 1765 
1276 786 1233 1274 1277 1282 1766 
1277 787 1275 1276 1280 1283 1767 
1278 788 1049 1275 1279 1280 1768 
1279 789 1049 1278 1281 1290 1769 
1280 790 1277 1278 1281 1286 1770 
1281 791 1279 1280 1287 1292 1771 
1282 792 1239 1276 1283 1284 1772 
1283 793 1277 1282 1285 1286 1773 
1284 794 1241 1282 1285 1306 1774 
1285 795 1283 1284 1288 1307 1775 
1286 796 1280 1283 1287 1288 1776 
1287 797 1281 1286 1289 1298 1777 
1288 798 1285 1286 1289 1310 1778 
1289 799 1287 1288 1300 1311 1779 
1290 800 1052 1279 1291 1292 1780 
1291 801 1052 1290 1293 1294 1781 
1292 802 1281 1290 1293 1298 1782 
1293 803 1291 1292 1296 1299 1783 
1294 804 1053 1291 1295 1296 1784 
1295 805 1053 1294 1297 1338 1785 
1296 806 1293 1294 1297 1302 1786 
1297 807 1295 1296 1303 1338 1787 
1298 808 1287 1292 1299 1300 1788 
1299 809 1293 1298 1301 1302 1789 
1300 810 1289 1298 1301 1322 1790 
1301 811 1299 1300 1304 1323 1791 
1302 812 1296 1299 1303 1304 1792 
1303 813 1297 1302 1305 1340 1793 
1304 814 1301 1302 1305 1326 1794 
1305 815 1303 1304 1327 1340 1795 
1306 816 1263 1284 1307 1308 1796 
1307 817 1285 1306 1309 1310 1797 
1308 818 1265 1306 1309 1314 1798 
1309 819 1307 1308 1312 1315 1799 
1310 820 1288 1307 1311 1312 1800 
1311 821 1289 1310 1313 1322 1801 
1312 822 1309 1310 1313 1318 1802 
1313 823 1311 1312 1319 1324 1803 
1314 824 1271 1308 1315 1316 1804 
1315 825 1309 1314 1317 1318 1805 
1316 826 1273 1314 1317 1426 1806 
1317 827 1315 1316 1320 1427 1807 
1318 828 1312 1315 1319 1320 1808 
1319 829 1313 1318 1321 1330 1809 
1320 830 1317 1318 1321 1430 1810 
1321 831 1319 1320 1332 1431 1811 
1322 832 1300 1311 1323 1324 1812 
1323 833 1301 1322 1325 1326 1813 
1324 834 1313 1322 1325 1330 1814 
1325 835 1323 1324 1328 1331 1815 
1326 836 1304 1323 1327 1328 1816 
1327 837 1305 1326 1329 1343 1817 
1328 838 1325 1326 1329 1334 1818 
1329 839 1327 1328 1335 1343 1819 
1330 840 1319 1324 1331 1332 1820 
1331 841 1325 1330 1333 1334 1821 
1332 842 1321 1330 1333 1436 1822 
1333 843 1331 1332 1336 1437 1823 
1334 844 1328 1331 1335 1336 1824 
1335 845 1329 1334 1337 1345 1825 
1336 846 1333 1334 1337 1440 1826 
1337 847 1335 1336 1345 1441 1827 
1338 848 1056 1295 1297 1339 1340 1828 
1339 849 1056 1338 1341 1342 1829 
1340 850 1303 1305 1338 1341 1343 1830 
1341 851 1339 1340 1342 1344 1831 
1342 852 1057 1339 1341 1347 1832 
1343 853 1327 1329 1340 1344 1345 1833 
1344 854 1341 1343 1346 1347 1834 
1345 855 1335 1337 1343 1346 1448 1835 
1346 856 1344 1345 1347 1449 1836 
1347 857 1342 1344 1346 1452 1837 
1348 858 1058 1349 1455 1838 
1349 859 1059 1348 1350 1358 1456 1839 
1350 860 1071 1349 1351 1356 1358 1840 
1351 861 1077 1350 1352 1354 1356 1841 
1352 862 1080 1351 1353 1354 1842 
1353 863 1081 1352 1355 1360 1843 
1354 864 1351 1352 1355 1357 1844 
1355 865 1353 1354 1357 1362 1845 
1356 866 1350 1351 1357 1359 1846 
1357 867 1354 1355 1356 1359 1368 1847 
1358 868 1349 1350 1359 1457 1848 
1359 869 1356 1357 1358 1380 1457 1849 
1360 870 1124 1353 1361 1362 1850 
1361 871 1125 1360 1363 1364 1851 
1362 872 1355 1360 1363 1368 1852 
1363 873 1361 1362 1366 1368 1853 
1364 874 1128 1361 1365 1366 1854 
1365 875 1129 1364 1367 1370 1855 
1366 876 1363 1364 1367 1369 1856 
1367 877 1365 1366 1369 1372 1857 
1368 878 1357 1362 1363 1369 1380 1858 
1369 879 1366 1367 1368 1378 1380 1859 
1370 880 1140 1365 1371 1372 1860 
1371 881 1141 1370 1373 1374 1861 
1372 882 1367 1370 1373 1378 1862 
1373 883 1371 1372 1376 1378 1863 
1374 884 1144 1371 1375 1376 1864 
1375 885 1145 1374 1377 1382 1865 
1376 886 1373 1374 1377 1379 1866 
1377 887 1375 1376 1379 1384 1867 
1378 888 1369 1372 1373 1379 1381 1868 
1379 889 1376 1377 1378 1381 1390 1869 
1380 890 1359 1368 1369 1381 1458 1870 
1381 891 1378 1379 1380 1402 1458 1871 
1382 892 1188 1375 1383 1384 1872 
1383 893 1189 1382 1385 1386 1873 
1384 894 1377 1382 1385 1390 1874 
1385 895 1383 1384 1388 1390 1875 
1386 896 1192 1383 1387 1388 1876 
1387 897 1193 1386 1389 1392 1877 
1388 898 1385 1386 1389 1391 1878 
1389 899 1387 1388 1391 1394 1879 
1390 900 1379 1384 1385 1391 1402 1880 
1391 901 1388 1389 1390 1400 1402 1881 
1392 902 1204 1387 1393 1394 1882 
1393 903 1205 1392 1395 1396 1883 
1394 904 1389 1392 1395 1400 1884 
1395 905 1393 1394 1398 1400 1885 
1396 906 1208 1393 1397 1398 1886 
1397 907 1209 1396 1399 1404 1887 
1398 908 1395 1396 1399 1401 1888 
1399 909 1397 1398 1401 1406 1889 
1400 910 1391 1394 1395 1401 1403 1890 
1401 911 1398 1399 1400 1403 1412 1891 
1402 912 1381 1390 1391 1403 1459 1892 
1403 913 1400 1401 1402 1424 1459 1893 
1404 914 1252 1397 1405 1406 1894 
1405 915 1253 1404 1407 1408 1895 
1406 916 1399 1404 1407 1412 1896 
1407 917 1405 1406 1410 1412 1897 
1408 918 1256 1405 1409 1410 1898 
1409 919 1257 1408 1411 1414 1899 
1410 920 1407 1408 1411 1413 1900 
1411 921 1409 1410 1413 1416 1901 
1412 922 1401 1406 1407 1413 1424 1902 
1413 923 1410 1411 1412 1422 1424 1903 
1414 924 1268 1409 1415 1416 1904 
1415 925 1269 1414 1417 1418 1905 
1416 926 1411 1414 1417 1422 1906 
1417 927 1415 1416 1420 1422 1907 
1418 928 1272 1415 1419 1420 1908 
1419 929 1273 1418 1421 1426 1909 
1420 930 1417 1418 1421 1423 1910 
1421 931 1419 1420 1423 1428 1911 
1422 932 1413 1416 1417 1423 1425 1912 
1423 933 1420 1421 1422 1425 1434 1913 
1424 934 1403 1412 1413 1425 1460 1914 
1425 935 1422 1423 1424 1446 1460 1915 
1426 936 1316 1419 1427 1428 1916 
1427 937 1317 1426 1429 1430 1917 
1428 938 1421 1426 1429 1434 1918 
1429 939 1427 1428 1432 1434 1919 
1430 940 1320 1427 1431 1432 1920 
1431 941 1321 1430 1433 1436 1921 
1432 942 1429 1430 1433 1435 1922 
1433 943 1431 1432 1435 1438 1923 
1434 944 1423 1428 1429 1435 1446 1924 
1435 945 1432 1433 1434 1444 1446 1925 
1436 946 1332 1431 1437 1438 1926 
1437 947 1333 1436 1439 1440 1927 
1438 948 1433 1436 1439 1444 1928 
1439 949 1437 1438 1442 1444 1929 
1440 950 1336 1437 1441 1442 1930 
1441 951 1337 1440 1443 1448 1931 
1442 952 1439 1440 1443 1445 1932 
1443 953 1441 1442 1445 1448 1933 
1444 954 1435 1438 1439 1445 1447 1934 
1445 955 1442 1443 1444 1447 1450 1935 
1446 956 1425 1434 1435 1447 1461 1936 
1447 957 1444 1445 1446 1453 1461 1937 
1448 958 1345 1441 1443 1449 1450 1938 
1449 959 1346 1448 1451 1452 1939 
1450 960 1445 1448 1451 1453 1940 
1451 961 1449 1450 1452 1453 1941 
1452 962 1347 1449 1451 1454 1942 
1453 963 1447 1450 1451 1454 1462 1943 
1454 964 1452 1453 1462 1944 
1455 965 1348 1456 1463 1945 
1456 966 1349 1455 1457 1464 1946 
1457 967 1358 1359 1456 1458 1465 1947 
1458 968 1380 1381 1457 1459 1466 1948 
1459 969 1402 1403 1458 1460 1467 1949 
1460 970 1424 1425 1459 1461 1468 1950 
1461 971 1446 1447 1460 1462 1469 1951 
1462 972 1453 1454 1461 1470 1952 
1463 973 1455 1464 1953 
1464 974 1456 1463 1465 1954 
1465 975 1457 1464 1466 1955 
1466 976 1458 1465 1467 1956 
1467 977 1459 1466 1468 1957 
1468 978 1460 1467 1469 1958 
1469 979 1461 1468 1470 1959 
1470 980 1462 1469 1960 
1471 981 1472 1479 
1472 982 1471 1473 1480 
1473 983 1472 1474 1481 
1474 984 1473 1475 1482 
1475 985 1474 1476 1483 
1476 986 1475 1477 1484 
1477 987 1476 1478 1485 
1478 988 1477 1486 
1479 989 1471 1480 1487 
1480 990 1472 1479 1481 1488 
1481 991 1473 1480 1482 1489 
1482 992 1474 1481 1483 1490 
1483 993 1475 1482 1484 1491 
1484 994 1476 1483 1485 1492 
1485 995 1477 1484 1486 1493 
1486 996 1478 1485 1494 
1487 997 1479 1488 1495 
1488 998 1480 1487 1489 1496 
1489 999 1481 1488 1490 1497 1498 
1490 1000 1482 1489 1491 1504 1505 
1491 1001 1483 1490 1492 1514 1515 
1492 1002 1484 1491 1493 1524 1525 
1493 1003 1485 1492 1494 1534 1535 
1494 1004 1486 1493 1544 1545 
1495 1005 1487 1496 1548 
1496 1006 1488 1495 1497 1499 1549 
1497 1007 1489 1496 1498 1499 
1498 1008 1489 1497 1500 1501 1504 
1499 1009 1496 1497 1500 1502 1550 
1500 1010 1498 1499 1501 1502 
1501 1011 1498 1500 1503 1506 
1502 1012 1499 1500 1503 1551 
1503 1013 1501 1502 1508 1552 1553 
1504 1014 1490 1498 1505 1506 1507 
1505 1015 1490 1504 1510 1511 1514 
1506 1016 1501 1504 1507 1508 
1507 1017 1504 1506 1509 1510 
1508 1018 1503 1506 1509 1572 1573 
1509 1019 1507 1508 1512 1576 1577 
1510 1020 1505 1507 1511 1512 
1511 1021 1505 1510 1513 1516 
1512 1022 1509 1510 1513 1588 1589 
1513 1023 1511 1512 1518 1592 1593 
1514 1024 1491 1505 1515 1516 1517 
1515 1025 1491 1514 1520 1521 1524 
1516 1026 1511 1514 1517 1518 
1517 1027 1514 1516 1519 1520 
1518 1028 1513 1516 1519 1636 1637 
1519 1029 1517 1518 1522 1640 1641 
1520 1030 1515 1517 1521 1522 
1521 1031 1515 1520 1523 1526 
1522 1032 1519 1520 1523 1652 1653 
1523 1033 1521 1522 1528 1656 1657 
1524 1034 1492 1515 1525 1526 1527 
1525 1035 1492 1524 1530 1531 1534 
1526 1036 1521 1524 1527 1528 
1527 1037 1524 1526 1529 1530 
1528 1038 1523 1526 1529 1700 1701 
1529 1039 1527 1528 1532 1704 1705 
1530 1040 1525 1527 1531 1532 
1531 1041 1525 1530 1533 1536 
1532 1042 1529 1530 1533 1716 1717 
1533 1043 1531 1532 1538 1720 1721 
1534 1044 1493 1525 1535 1536 1537 
1535 1045 1493 1534 1540 1541 1544 
1536 1046 1531 1534 1537 1538 
1537 1047 1534 1536 1539 1540 
1538 1048 1533 1536 1539 1764 1765 
1539 1049 1537 1538 1542 1768 1769 
1540 1050 1535 1537 1541 1542 
1541 1051 1535 1540 1543 1546 
1542 1052 1539 1540 1543 1780 1781 
1543 1053 1541 1542 1546 1784 1785 
1544 1054 1494 1535 1545 1546 
1545 1055 1494 1544 1547 
1546 1056 1541 1543 1544 1547 1828 1829 
1547 1057 1545 1546 1832 
1548 1058 1495 1549 1838 
1549 1059 1496 1548 1550 1561 1839 
1550 1060 1499 1549 1551 1556 1561 
1551 1061 1502 1550 1552 1554 1556 
1552 1062 1503 1551 1553 1554 
1553 1063 1503 1552 1555 1572 
1554 1064 1551 1552 1555 1557 
1555 1065 1553 1554 1558 1574 
1556 1066 1550 1551 1557 1559 1562 
1557 1067 1554 1556 1558 1559 
1558 1068 1555 1557 1560 1580 
1559 1069 1556 1557 1560 1563 
1560 1070 1558 1559 1564 1582 
1561 1071 1549 1550 1562 1567 1840 
1562 1072 1556 1561 1563 1565 1567 
1563 1073 1559 1562 1564 1565 
1564 1074 1560 1563 1566 1604 
1565 1075 1562 1563 1566 1568 
1566 1076 1564 1565 1569 1606 
1567 1077 1561 1562 1568 1570 1841 
1568 1078 1565 1567 1569 1570 
1569 1079 1566 1568 1571 1612 
1570 1080 1567 1568 1571 1842 
1571 1081 1569 1570 1614 1843 
1572 1082 1508 1553 1573 1574 
1573 1083 1508 1572 1575 1576 
1574 1084 1555 1572 1575 1580 
1575 1085 1573 1574 1578 1581 
1576 1086 1509 1573 1577 1578 
1577 1087 1509 1576 1579 1588 
1578 1088 1575 1576 1579 1584 
1579 1089 1577 1578 1585 1590 
1580 1090 1558 1574 1581 1582 
1581 1091 1575 1580 1583 1584 
1582 1092 1560 1580 1583 1604 
1583 1093 1581 1582 1586 1605 
1584 1094 1578 1581 1585 1586 
1585 1095 1579 1584 1587 1596 
1586 1096 1583 1584 1587 1608 
1587 1097 1585 1586 1598 1609 
1588 1098 1512 1577 1589 1590 
1589 1099 1512 1588 1591 1592 
1590 1100 1579 1588 1591 1596 
1591 1101 1589 1590 1594 1597 
1592 1102 1513 1589 1593 1594 
1593 1103 1513 1592 1595 1636 
1594 1104 1591 1592 1595 1600 
1595 1105 1593 1594 1601 1638 
1596 1106 1585 1590 1597 1598 
1597 1107 1591 1596 1599 1600 
1598 1108 1587 1596 1599 1620 
1599 1109 1597 1598 1602 1621 
1600 1110 1594 1597 1601 1602 
1601 1111 1595 1600 1603 1644 
1602 1112 1599 1600 1603 1624 
1603 1113 1601 1602 1625 1646 
1604 1114 1564 1582 1605 1606 
1605 1115 1583 1604 1607 1608 
1606 1116 1566 1604 1607 1612 
1607 1117 1605 1606 1610 1613 
1608 1118 1586 1605 1609 1610 
1609 1119 1587 1608 1611 1620 
1610 1120 1607 1608 1611 1616 
1611 1121 1609 1610 1617 1622 
1612 1122 1569 1606 1613 1614 
1613 1123 1607 1612 1615 1616 
1614 1124 1571 1612 1615 1850 
1615 1125 1613 1614 1618 1851 
1616 1126 1610 1613 1617 1618 
1617 1127 1611 1616 1619 1628 
1618 1128 1615 1616 1619 1854 
1619 1129 1617 1618 1630 1855 
1620 1130 1598 1609 1621 1622 
1621 1131 1599 1620 1623 1624 
1622 1132 1611 1620 1623 1628 
1623 1133 1621 1622 1626 1629 
1624 1134 1602 1621 1625 1626 
1625 1135 1603 1624 1627 1668 
1626 1136 1623 1624 1627 1632 
1627 1137 1625 1626 1633 1670 
1628 1138 1617 1622 1629 1630 
1629 1139 1623 1628 1631 1632 
1630 1140 1619 1628 1631 1860 
1631 1141 1629 1630 1634 1861 
1632 1142 1626 1629 1633 1634 
1633 1143 1627 1632 1635 1676 
1634 1144 1631 1632 1635 1864 
1635 1145 1633 1634 1678 1865 
1636 1146 1518 1593 1637 1638 
1637 1147 1518 1636 1639 1640 
1638 1148 1595 1636 1639 1644 
1639 1149 1637 1638 1642 1645 
1640 1150 1519 1637 1641 1642 
1641 1151 1519 1640 1643 1652 
1642 1152 1639 1640 1643 1648 
1643 1153 1641 1642 1649 1654 
1644 1154 1601 1638 1645 1646 
1645 1155 1639 1644 1647 1648 
1646 1156 1603 1644 1647 1668 
1647 1157 1645 1646 1650 1669 
1648 1158 1642 1645 1649 1650 
1649 1159 1643 1648 1651 1660 
1650 1160 1647 1648 1651 1672 
1651 1161 1649 1650 1662 1673 
1652 1162 1522 1641 1653 1654 
1653 1163 1522 1652 1655 1656 
1654 1164 1643 1652 1655 1660 
1655 1165 1653 1654 1658 1661 
1656 1166 1523 1653 1657 1658 
1657 1167 1523 1656 1659 1700 
1658 1168 1655 1656 1659 1664 
1659 1169 1657 1658 1665 1702 
1660 1170 1649 1654 1661 1662 
1661 1171 1655 1660 1663 1664 
1662 1172 1651 1660 1663 1684 
1663 1173 1661 1662 1666 1685 
1664 1174 1658 1661 1665 1666 
1665 1175 1659 1664 1667 1708 
1666 1176 1663 1664 1667 1688 
1667 1177 1665 1666 1689 1710 
1668 1178 1625 1646 1669 1670 
1669 1179 1647 1668 1671 1672 
1670 1180 1627 1668 1671 1676 
1671 1181 1669 1670 1674 1677 
1672 1182 1650 1669 1673 1674 
1673 1183 1651 1672 1675 1684 
1674 1184 1671 1672 1675 1680 
1675 1185 1673 1674 1681 1686 
1676 1186 1633 1670 1677 1678 
1677 1187 1671 1676 1679 1680 
1678 1188 1635 1676 1679 1872 
1679 1189 1677 1678 1682 1873 
1680 1190 1674 1677 1681 1682 
1681 1191 1675 1680 1683 1692 
1682 1192 1679 1680 1683 1876 
1683 1193 1681 1682 1694 1877 
1684 1194 1662 1673 1685 1686 
1685 1195 1663 1684 1687 1688 
1686 1196 1675 1684 1687 1692 
1687 1197 1685 1686 1690 1693 
1688 1198 1666 1685 1689 1690 
1689 1199 1667 1688 1691 1732 
1690 1200 1687 1688 1691 1696 
1691 1201 1689 1690 1697 1734 
1692 1202 1681 1686 1693 1694 
1693 1203 1687 1692 1695 1696 
1694 1204 1683 1692 1695 1882 
1695 1205 1693 1694 1698 1883 
1696 1206 1690 1693 1697 1698 
1697 1207 1691 1696 1699 1740 
1698 1208 1695 1696 1699 1886 
1699 1209 1697 1698 1742 1887 
1700 1210 1528 1657 1701 1702 
1701 1211 1528 1700 1703 1704 
1702 1212 1659 1700 1703 1708 
1703 1213 1701 1702 1706 1709 
1704 1214 1529 1701 1705 1706 
1705 1215 1529 1704 1707 1716 
1706 1216 1703 1704 1707 1712 
1707 1217 1705 1706 1713 1718 
1708 1218 1665 1702 1709 1710 
1709 1219 1703 1708 1711 1712 
1710 1220 1667 1708 1711 1732 
1711 1221 1709 1710 1714 1733 
1712 1222 1706 1709 1713 1714 
1713 1223 1707 1712 1715 1724 
1714 1224 1711 1712 1715 1736 
1715 1225 1713 1714 1726 1737 
1716 1226 1532 1705 1717 1718 
1717 1227 1532 1716 1719 1720 
1718 1228 1707 1716 1719 1724 
1719 1229 1717 1718 1722 1725 
1720 1230 1533 1717 1721 1722 
1721 1231 1533 1720 1723 1764 
1722 1232 1719 1720 1723 1728 
1723 1233 1721 1722 1729 1766 
1724 1234 1713 1718 1725 1726 
1725 1235 1719 1724 1727 1728 
1726 1236 1715 1724 1727 1748 
1727 1237 1725 1726 1730 1749 
1728 1238 1722 1725 1729 1730 
1729 1239 1723 1728 1731 1772 
1730 1240 1727 1728 1731 1752 
1731 1241 1729 1730 1753 1774 
1732 1242 1689 1710 1733 1734 
1733 1243 1711 1732 1735 1736 
1734 1244 1691 1732 1735 1740 
1735 1245 1733 1734 1738 1741 
1736 1246 1714 1733 1737 1738 
1737 1247 1715 1736 1739 1748 
1738 1248 1735 1736 1739 1744 
1739 1249 1737 1738 1745 1750 
1740 1250 1697 1734 1741 1742 
1741 1251 1735 1740 1743 1744 
1742 1252 1699 1740 1743 1894 
1743 1253 1741 1742 1746 1895 
1744 1254 1738 1741 1745 1746 
1745 1255 1739 1744 1747 1756 
1746 1256 1743 1744 1747 1898 
1747 1257 1745 1746 1758 1899 
1748 1258 1726 1737 1749 1750 
1749 1259 1727 1748 1751 1752 
1750 1260 1739 1748 1751 1756 
1751 1261 1749 1750 1754 1757 
1752 1262 1730 1749 1753 1754 
1753 1263 1731 1752 1755 1796 
1754 1264 1751 1752 1755 1760 
1755 1265 1753 1754 1761 1798 
1756 1266 1745 1750 1757 1758 
1757 1267 1751 1756 1759 1760 
1758 1268 1747 1756 1759 1904 
1759 1269 1757 1758 1762 1905 
1760 1270 1754 1757 1761 1762 
1761 1271 1755 1760 1763 1804 
1762 1272 1759 1760 1763 1908 
1763 1273 1761 1762 1806 1909 
1764 1274 1538 1721 1765 1766 
1765 1275 1538 1764 1767 1768 
1766 1276 1723 1764 1767 1772 
1767 1277 1765 1766 1770 1773 
1768 1278 1539 1765 1769 1770 
1769 1279 1539 1768 1771 1780 
1770 1280 1767 1768 1771 1776 
1771 1281 1769 1770 1777 1782 
1772 1282 1729 1766 1773 1774 
1773 1283 1767 1772 1775 1776 
1774 1284 1731 1772 1775 1796 
1775 1285 1773 1774 1778 1797 
1776 1286 1770 1773 1777 1778 
1777 1287 1771 1776 1779 1788 
1778 1288 1775 1776 1779 1800 
1779 1289 1777 1778 1790 1801 
1780 1290 1542 1769 1781 1782 
1781 1291 1542 1780 1783 1784 
1782 1292 1771 1780 1783 1788 
1783 1293 1781 1782 1786 1789 
1784 1294 1543 1781 1785 1786 
1785 1295 1543 1784 1787 1828 
1786 1296 1783 1784 1787 1792 
1787 1297 1785 1786 1793 1828 
1788 1298 1777 1782 1789 1790 
1789 1299 1783 1788 1791 1792 
1790 1300 1779 1788 1791 1812 
1791 1301 1789 1790 1794 1813 
1792 1302 1786 1789 1793 1794 
1793 1303 1787 1792 1795 1830 
1794 1304 1791 1792 1795 1816 
1795 1305 1793 1794 1817 1830 
1796 1306 1753 1774 1797 1798 
1797 1307 1775 1796 1799 1800 
1798 1308 1755 1796 1799 1804 
1799 1309 1797 1798 1802 1805 
1800 1310 1778 1797 1801 1802 
1801 1311 1779 1800 1803 1812 
1802 1312 1799 1800 1803 1808 
1803 1313 1801 1802 1809 1814 
1804 1314 1761 1798 1805 1806 
1805 1315 1799 1804 1807 1808 
1806 1316 1763 1804 1807 1916 
1807 1317 1805 1806 1810 1917 
1808 1318 1802 1805 1809 1810 
1809 1319 1803 1808 1811 1820 
1810 1320 1807 1808 1811 1920 
1811 1321 1809 1810 1822 1921 
1812 1322 1790 1801 1813 1814 
1813 1323 1791 1812 1815 1816 
1814 1324 1803 1812 1815 1820 
1815 1325 1813 1814 1818 1821 
1816 1326 1794 1813 1817 1818 
1817 1327 1795 1816 1819 1833 
1818 1328 1815 1816 1819 1824 
1819 1329 1817 1818 1825 1833 
1820 1330 1809 1814 1821 1822 
1821 1331 1815 1820 1823 1824 
1822 1332 1811 1820 1823 1926 
1823 1333 1821 1822 1826 1927 
1824 1334 1818 1821 1825 1826 
1825 1335 1819 1824 1827 1835 
1826 1336 1823 1824 1827 1930 
1827 1337 1825 1826 1835 1931 
1828 1338 1546 1785 1787 1829 1830 
1829 1339 1546 1828 1831 1832 
1830 1340 1793 1795 1828 1831 1833 
1831 1341 1829 1830 1832 1834 
1832 1342 1547 1829 1831 1837 
1833 1343 1817 1819 1830 1834 1835 
1834 1344 1831 1833 1836 1837 
1835 1345 1825 1827 1833 1836 1938 
1836 1346 1834 1835 1837 1939 
1837 1347 1832 1834 1836 1942 
1838 1348 1548 1839 1945 
1839 1349 1549 1838 1840 1848 1946 
1840 1350 1561 1839 1841 1846 1848 
1841 1351 1567 1840 1842 1844 1846 
1842 1352 1570 1841 1843 1844 
1843 1353 1571 1842 1845 1850 
1844 1354 1841 1842 1845 1847 
1845 1355 1843 1844 1847 1852 
1846 1356 1840 1841 1847 1849 
1847 1357 1844 1845 1846 1849 1858 
1848 1358 1839 1840 1849 1947 
1849 1359 1846 1847 1848 1870 1947 
1850 1360 1614 1843 1851 1852 
1851 1361 1615 1850 1853 1854 
1852 1362 1845 1850 1853 1858 
1853 1363 1851 1852 1856 1858 
1854 1364 1618 1851 1855 1856 
1855 1365 1619 1854 1857 1860 
1856 1366 1853 1854 1857 1859 
1857 1367 1855 1856 1859 1862 
1858 1368 1847 1852 1853 1859 1870 
1859 1369 1856 1857 1858 1868 1870 
1860 1370 1630 1855 1861 1862 
1861 1371 1631 1860 1863 1864 
1862 1372 1857 1860 1863 1868 
1863 1373 1861 1862 1866 1868 
1864 1374 1634 1861 1865 1866 
1865 1375 1635 1864 1867 1872 
1866 1376 1863 1864 1867 1869 
1867 1377 1865 1866 1869 1874 
1868 1378 1859 1862 1863 1869 1871 
1869 1379 1866 1867 1868 1871 1880 
1870 1380 1849 1858 1859 1871 1948 
1871 1381 1868 1869 1870 1892 1948 
1872 1382 1678 1865 1873 1874 
1873 1383 1679 1872 1875 1876 
1874 1384 1867 1872 1875 1880 
1875 1385 1873 1874 1878 1880 
1876 1386 1682 1873 1877 1878 
1877 1387 1683 1876 1879 1882 
1878 1388 1875 1876 1879 1881 
1879 1389 1877 1878 1881 1884 
1880 1390 1869 1874 1875 1881 1892 
1881 1391 1878 1879 1880 1890 1892 
1882 1392 1694 1877 1883 1884 
1883 1393 1695 1882 1885 1886 
1884 1394 1879 1882 1885 1890 
1885 1395 1883 1884 1888 1890 
1886 1396 1698 1883 1887 1888 
1887 1397 1699 1886 1889 1894 
1888 1398 1885 1886 1889 1891 
1889 1399 1887 1888 1891 1896 
1890 1400 1881 1884 1885 1891 1893 
1891 1401 1888 1889 1890 1893 1902 
1892 1402 1871 1880 1881 1893 1949 
1893 1403 1890 1891 1892 1914 1949 
1894 1404 1742 1887 1895 1896 
1895 1405 1743 1894 1897 1898 
1896 1406 1889 1894 1897 1902 
1897 1407 1895 1896 1900 1902 
1898 1408 1746 1895 1899 1900 
1899 1409 1747 1898 1901 1904 
1900 1410 1897 1898 1901 1903 
1901 1411 1899 1900 1903 1906 
1902 1412 1891 1896 1897 1903 1914 
1903 1413 1900 1901 1902 1912 1914 
1904 1414 1758 1899 1905 1906 
1905 1415 1759 1904 1907 1908 
1906 1416 1901 1904 1907 1912 
1907 1417 1905 1906 1910 1912 
1908 1418 1762 1905 1909 1910 
1909 1419 1763 1908 1911 1916 
1910 1420 1907 1908 1911 1913 
1911 1421 1909 1910 1913 1918 
1912 1422 1903 1906 1907 1913 1915 
1913 1423 1910 1911 1912 1915 1924 
1914 1424 1893 1902 1903 1915 1950 
1915 1425 1912 1913 1914 1936 1950 
1916 1426 1806 1909 1917 1918 
1917 1427 1807 1916 1919 1920 
1918 1428 1911 1916 1919 1924 
1919 1429 1917 1918 1922 1924 
1920 1430 1810 1917 1921 1922 
1921 1431 1811 1920 1923 1926 
1922 1432 1919 1920 1923 1925 
1923 1433 1921 1922 1925 1928 
1924 1434 1913 1918 1919 1925 1936 
1925 1435 1922 1923 1924 1934 1936 
1926 1436 1822 1921 1927 1928 
1927 1437 1823 1926 1929 1930 
1928 1438 1923 1926 1929 1934 
1929 1439 1927 1928 1932 1934 
1930 1440 1826 1927 1931 1932 
1931 1441 1827 1930 1933 1938 
1932 1442 1929 1930 1933 1935 
1933 1443 1931 1932 1935 1938 
1934 1444 1925 1928 1929 1935 1937 
1935 1445 1932 1933 1934 1937 1940 
1936 1446 1915 1924 1925 1937 1951 
1937 1447 1934 1935 1936 1943 1951 
1938 1448 1835 1931 1933 1939 1940 
1939 1449 1836 1938 1941 1942 
1940 1450 1935 1938 1941 1943 
1941 1451 1939 1940 1942 1943 
1942 1452 1837 1939 1941 1944 
1943 1453 1937 1940 1941 1944 1952 
1944 1454 1942 1943 1952 
1945 1455 1838 1946 1953 
1946 1456 1839 1945 1947 1954 
1947 1457 1848 1849 1946 1948 1955 
1948 1458 1870 1871 1947 1949 1956 
1949 1459 1892 1893 1948 1950 1957 
1950 1460 1914 1915 1949 1951 1958 
1951 1461 1936 1937 1950 1952 1959 
1952 1462 1943 1944 1951 1960 
1953 1463 1945 1954 
1954 1464 1946 1953 1955 
1955 1465 1947 1954 1956 
1956 1466 1948 1955 1957 
1957 1467 1949 1956 1958 
1958 1468 1950 1957 1959 
1959 1469 1951 1958 1960 
1960 1470 1952 1959 