5	8	41	41	0.125	0.125
7	9	6	6	0.125	0.125
8	9	6	6	0.125	0.125
7	10	13	13	0.125	0.125
43	11	42	42	0.125	0.125
8	11	42	42	0.125	0.125
43	12	48	46	0.166667	0.166667
20	19	59	60	0.166667	0.166667
13	15	7	7	0.125	0.125
13	16	14	14	0.125	0.125
19	16	14	14	0.125	0.125
19	18	50	51	0.166667	0.166667
41	42	5	5	0.125	0.125
87	44	86	86	0.125	0.125
41	44	86	86	0.125	0.125
87	45	90	88	0.166667	0.166667
43	46	12	11	0.166667	0.166667
54	48	45	45	0.125	0.125
43	48	45	45	0.125	0.125
54	49	57	55	0.166667	0.166667
19	50	16	18	0.166667	0.166667
19	51	20	20	0.0833333	0.0833333
59	51	20	20	0.0833333	0.0833333
59	53	61	62	0.166667	0.166667
54	55	49	48	0.166667	0.166667
89	57	88	88	0.125	0.125
54	57	88	88	0.125	0.125
89	58	94	92	0.166667	0.166667
20	59	14	19	0.166667	0.166667
20	60	21	21	0.125	0.125
66	60	21	21	0.125	0.125
66	65	108	109	0.166667	0.166667
59	61	51	53	0.166667	0.166667
59	62	60	60	0.125	0.125
65	62	60	60	0.125	0.125
65	64	96	97	0.166667	0.166667
87	88	45	44	0.166667	0.166667
136	90	135	135	0.125	0.125
87	90	135	135	0.125	0.125
136	91	142	137	0.166667	0.166667
89	92	58	57	0.166667	0.166667
89	94	91	91	0.125	0.125
65	96	62	64	0.166667	0.166667
65	97	66	66	0.0833333	0.0833333
108	97	66	66	0.0833333	0.0833333
108	99	110	111	0.166667	0.166667
91	100	89	89	0.125	0.125
137	102	136	136	0.0833333	0.0833333
91	102	136	136	0.0833333	0.0833333
137	103	140	138	0.166667	0.166667
66	108	60	65	0.166667	0.166667
66	109	67	67	0.125	0.125
115	109	67	67	0.125	0.125
115	114	160	161	0.166667	0.166667
108	110	97	99	0.166667	0.166667
108	111	109	109	0.125	0.125
114	111	109	109	0.125	0.125
114	113	148	149	0.166667	0.166667
136	137	91	90	0.166667	0.166667
188	142	187	187	0.125	0.125
136	142	187	187	0.125	0.125
188	143	194	189	0.166667	0.166667
137	138	103	102	0.166667	0.166667
143	140	142	142	0.125	0.125
137	140	142	142	0.125	0.125
143	141	154	152	0.166667	0.166667
114	148	111	113	0.166667	0.166667
114	149	115	115	0.0833333	0.0833333
160	149	115	115	0.0833333	0.0833333
160	151	162	163	0.166667	0.166667
143	152	141	140	0.166667	0.166667
189	154	188	188	0.0833333	0.0833333
143	154	188	188	0.0833333	0.0833333
189	155	192	190	0.166667	0.166667
115	160	109	114	0.166667	0.166667
115	161	116	116	0.125	0.125
167	161	116	116	0.125	0.125
167	166	215	216	0.166667	0.166667
160	162	149	151	0.166667	0.166667
160	163	161	161	0.125	0.125
166	163	161	161	0.125	0.125
166	165	203	204	0.166667	0.166667
188	189	143	142	0.166667	0.166667
188	194	242	242	0.125	0.125
189	190	155	154	0.166667	0.166667
189	192	194	194	0.125	0.125
194	195	189	189	0.125	0.125
244	197	243	243	0.125	0.125
194	197	243	243	0.125	0.125
244	198	249	247	0.166667	0.166667
166	203	163	165	0.166667	0.166667
166	204	167	167	0.0833333	0.0833333
215	204	167	167	0.0833333	0.0833333
215	206	217	218	0.166667	0.166667
167	215	161	166	0.166667	0.166667
167	216	168	168	0.125	0.125
222	216	168	168	0.125	0.125
222	221	276	277	0.166667	0.166667
215	217	204	206	0.166667	0.166667
215	218	216	216	0.125	0.125
221	218	216	216	0.125	0.125
221	220	264	265	0.166667	0.166667
242	243	188	188	0.125	0.125
303	245	302	302	0.125	0.125
242	245	302	302	0.125	0.125
303	246	306	304	0.166667	0.166667
244	247	198	197	0.166667	0.166667
255	249	246	246	0.125	0.125
244	249	246	246	0.125	0.125
255	250	258	256	0.166667	0.166667
255	256	250	249	0.166667	0.166667
305	258	304	304	0.125	0.125
255	258	304	304	0.125	0.125
305	259	310	308	0.166667	0.166667
221	264	218	220	0.166667	0.166667
221	265	222	222	0.0833333	0.0833333
276	265	222	222	0.0833333	0.0833333
276	267	278	279	0.166667	0.166667
222	276	216	221	0.166667	0.166667
222	277	223	223	0.125	0.125
283	277	223	223	0.125	0.125
283	282	337	338	0.166667	0.166667
276	278	265	267	0.166667	0.166667
276	279	277	277	0.125	0.125
282	279	277	277	0.125	0.125
282	281	325	326	0.166667	0.166667
303	304	246	245	0.166667	0.166667
364	306	363	363	0.125	0.125
303	306	363	363	0.125	0.125
364	307	370	365	0.166667	0.166667
305	308	259	258	0.166667	0.166667
316	310	307	307	0.125	0.125
305	310	307	307	0.125	0.125
316	311	319	317	0.166667	0.166667
316	317	311	310	0.166667	0.166667
316	319	365	365	0.125	0.125
282	325	279	281	0.166667	0.166667
282	326	283	283	0.0833333	0.0833333
337	326	283	283	0.0833333	0.0833333
337	328	339	340	0.166667	0.166667
283	337	277	282	0.166667	0.166667
283	338	284	284	0.125	0.125
344	338	284	284	0.125	0.125
344	343	404	405	0.166667	0.166667
337	339	326	328	0.166667	0.166667
337	340	338	338	0.125	0.125
343	340	338	338	0.125	0.125
343	342	392	393	0.166667	0.166667
364	365	307	306	0.166667	0.166667
431	370	430	430	0.125	0.125
364	370	430	430	0.125	0.125
431	371	437	432	0.166667	0.166667
365	366	316	316	0.125	0.125
371	368	370	370	0.125	0.125
365	368	370	370	0.125	0.125
371	369	382	380	0.166667	0.166667
371	380	369	368	0.166667	0.166667
432	382	431	431	0.0833333	0.0833333
371	382	431	431	0.0833333	0.0833333
432	383	435	433	0.166667	0.166667
343	392	340	342	0.166667	0.166667
343	393	344	344	0.0833333	0.0833333
404	393	344	344	0.0833333	0.0833333
404	395	406	407	0.166667	0.166667
344	404	338	343	0.166667	0.166667
344	405	345	345	0.125	0.125
411	405	345	345	0.125	0.125
411	410	471	472	0.166667	0.166667
404	406	393	395	0.166667	0.166667
404	407	405	405	0.125	0.125
410	407	405	405	0.125	0.125
410	409	459	460	0.166667	0.166667
431	432	371	370	0.166667	0.166667
431	437	497	497	0.125	0.125
432	433	383	382	0.166667	0.166667
438	435	437	437	0.125	0.125
432	435	437	437	0.125	0.125
438	436	449	447	0.166667	0.166667
438	447	436	435	0.166667	0.166667
438	449	499	499	0.125	0.125
410	459	407	409	0.166667	0.166667
410	460	411	411	0.0833333	0.0833333
471	460	411	411	0.0833333	0.0833333
471	462	473	474	0.166667	0.166667
411	471	405	410	0.166667	0.166667
411	472	412	412	0.125	0.125
478	472	412	412	0.125	0.125
478	477	547	548	0.166667	0.166667
471	473	460	462	0.166667	0.166667
471	474	472	472	0.125	0.125
477	474	472	472	0.125	0.125
477	476	535	536	0.166667	0.166667
497	498	431	431	0.125	0.125
573	500	572	572	0.125	0.125
497	500	572	572	0.125	0.125
573	501	576	574	0.166667	0.166667
499	502	438	438	0.125	0.125
510	504	501	501	0.125	0.125
499	504	501	501	0.125	0.125
510	505	513	511	0.166667	0.166667
510	511	505	504	0.166667	0.166667
575	513	574	574	0.125	0.125
510	513	574	574	0.125	0.125
575	514	580	578	0.166667	0.166667
477	535	474	476	0.166667	0.166667
477	536	478	478	0.0833333	0.0833333
547	536	478	478	0.0833333	0.0833333
547	538	549	550	0.166667	0.166667
478	547	472	477	0.166667	0.166667
478	548	479	479	0.125	0.125
554	548	479	479	0.125	0.125
554	553	623	624	0.166667	0.166667
547	549	536	538	0.166667	0.166667
547	550	548	548	0.125	0.125
553	550	548	548	0.125	0.125
553	552	611	612	0.166667	0.166667
573	574	501	500	0.166667	0.166667
646	576	645	645	0.125	0.125
573	576	645	645	0.125	0.125
646	577	649	647	0.166667	0.166667
575	578	514	513	0.166667	0.166667
586	580	577	577	0.125	0.125
575	580	577	577	0.125	0.125
586	581	589	587	0.166667	0.166667
586	587	581	580	0.166667	0.166667
648	589	647	647	0.125	0.125
586	589	647	647	0.125	0.125
648	590	653	651	0.166667	0.166667
553	611	550	552	0.166667	0.166667
553	612	554	554	0.0833333	0.0833333
623	612	554	554	0.0833333	0.0833333
623	614	625	625	0.125	0.125
625	620	623	623	0.125	0.125
625	622	683	684	0.166667	0.166667
554	623	548	553	0.166667	0.166667
554	624	555	555	0.125	0.125
627	624	555	555	0.125	0.125
627	626	693	693	0.125	0.125
646	647	577	576	0.166667	0.166667
713	649	712	712	0.125	0.125
646	649	712	712	0.125	0.125
713	650	719	714	0.166667	0.166667
648	651	590	589	0.166667	0.166667
648	653	650	650	0.125	0.125
650	659	648	648	0.125	0.125
714	661	713	713	0.0833333	0.0833333
650	661	713	713	0.0833333	0.0833333
714	662	717	715	0.166667	0.166667
693	687	627	627	0.125	0.125
693	692	753	754	0.166667	0.166667
625	683	620	622	0.166667	0.166667
625	684	626	626	0.125	0.125
687	684	626	626	0.125	0.125
687	686	692	692	0.125	0.125
692	689	687	687	0.125	0.125
692	691	741	742	0.166667	0.166667
713	714	650	649	0.166667	0.166667
777	719	776	776	0.125	0.125
713	719	776	776	0.125	0.125
777	720	783	778	0.166667	0.166667
714	715	662	661	0.166667	0.166667
720	717	719	719	0.125	0.125
714	717	719	719	0.125	0.125
720	718	731	729	0.166667	0.166667
720	729	718	717	0.166667	0.166667
778	731	777	777	0.0833333	0.0833333
720	731	777	777	0.0833333	0.0833333
778	732	781	779	0.166667	0.166667
692	741	689	691	0.166667	0.166667
692	742	693	693	0.0833333	0.0833333
753	742	693	693	0.0833333	0.0833333
753	744	755	755	0.125	0.125
755	750	753	753	0.125	0.125
755	752	804	804	0.125	0.125
693	753	687	692	0.166667	0.166667
693	754	694	694	0.125	0.125
757	754	694	694	0.125	0.125
757	756	811	811	0.125	0.125
777	778	720	719	0.166667	0.166667
777	783	831	831	0.125	0.125
778	779	732	731	0.166667	0.166667
778	781	783	783	0.125	0.125
783	784	778	778	0.125	0.125
833	786	832	832	0.125	0.125
783	786	832	832	0.125	0.125
833	787	838	836	0.166667	0.166667
804	793	755	755	0.125	0.125
804	795	806	807	0.166667	0.166667
811	805	757	757	0.125	0.125
811	810	862	863	0.166667	0.166667
804	806	793	795	0.166667	0.166667
804	807	805	805	0.125	0.125
810	807	805	805	0.125	0.125
810	809	853	853	0.125	0.125
831	832	777	777	0.125	0.125
886	834	885	885	0.125	0.125
831	834	885	885	0.125	0.125
886	835	889	887	0.166667	0.166667
833	836	787	786	0.166667	0.166667
844	838	835	835	0.125	0.125
833	838	835	835	0.125	0.125
844	839	847	845	0.166667	0.166667
844	845	839	838	0.166667	0.166667
888	847	887	887	0.125	0.125
844	847	887	887	0.125	0.125
888	848	893	891	0.166667	0.166667
853	850	810	810	0.125	0.125
853	852	858	859	0.166667	0.166667
853	858	850	852	0.166667	0.166667
853	859	862	862	0.125	0.125
864	859	862	862	0.125	0.125
864	861	904	904	0.125	0.125
811	862	805	810	0.166667	0.166667
811	863	812	812	0.125	0.125
866	863	812	812	0.125	0.125
866	865	911	911	0.125	0.125
886	887	835	834	0.166667	0.166667
888	891	848	847	0.166667	0.166667
899	893	890	890	0.125	0.125
888	893	890	890	0.125	0.125
899	894	902	900	0.166667	0.166667
904	896	864	864	0.125	0.125
904	898	906	907	0.166667	0.166667
899	900	894	893	0.166667	0.166667
911	905	866	866	0.125	0.125
904	906	896	898	0.166667	0.166667
904	907	905	905	0.125	0.125
910	907	905	905	0.125	0.125
920	923	956	956	0.125	0.125
922	924	921	921	0.125	0.125
923	924	921	921	0.125	0.125
922	925	928	928	0.125	0.125
958	926	957	957	0.125	0.125
923	926	957	957	0.125	0.125
958	927	963	961	0.166667	0.166667
935	934	974	975	0.166667	0.166667
928	930	922	922	0.125	0.125
928	931	929	929	0.125	0.125
934	931	929	929	0.125	0.125
934	933	965	966	0.166667	0.166667
956	957	920	920	0.125	0.125
1002	959	1001	1001	0.125	0.125
956	959	1001	1001	0.125	0.125
1002	960	1005	1003	0.166667	0.166667
958	961	927	926	0.166667	0.166667
969	963	960	960	0.125	0.125
958	963	960	960	0.125	0.125
969	964	972	970	0.166667	0.166667
934	965	931	933	0.166667	0.166667
934	966	935	935	0.0833333	0.0833333
974	966	935	935	0.0833333	0.0833333
974	968	976	977	0.166667	0.166667
969	970	964	963	0.166667	0.166667
1004	972	1003	1003	0.125	0.125
969	972	1003	1003	0.125	0.125
1004	973	1009	1007	0.166667	0.166667
935	974	929	934	0.166667	0.166667
935	975	936	936	0.125	0.125
981	975	936	936	0.125	0.125
981	980	1023	1024	0.166667	0.166667
974	976	966	968	0.166667	0.166667
974	977	975	975	0.125	0.125
980	977	975	975	0.125	0.125
980	979	1011	1012	0.166667	0.166667
1002	1003	960	959	0.166667	0.166667
1051	1005	1050	1050	0.125	0.125
1002	1005	1050	1050	0.125	0.125
1051	1006	1057	1052	0.166667	0.166667
1004	1007	973	972	0.166667	0.166667
1004	1009	1006	1006	0.125	0.125
980	1011	977	979	0.166667	0.166667
980	1012	981	981	0.0833333	0.0833333
1023	1012	981	981	0.0833333	0.0833333
1023	1014	1025	1026	0.166667	0.166667
1006	1015	1004	1004	0.125	0.125
1052	1017	1051	1051	0.0833333	0.0833333
1006	1017	1051	1051	0.0833333	0.0833333
1052	1018	1055	1053	0.166667	0.166667
981	1023	975	980	0.166667	0.166667
981	1024	982	982	0.125	0.125
1030	1024	982	982	0.125	0.125
1030	1029	1075	1076	0.166667	0.166667
1023	1025	1012	1014	0.166667	0.166667
1023	1026	1024	1024	0.125	0.125
1029	1026	1024	1024	0.125	0.125
1029	1028	1063	1064	0.166667	0.166667
1051	1052	1006	1005	0.166667	0.166667
1103	1057	1102	1102	0.125	0.125
1051	1057	1102	1102	0.125	0.125
1103	1058	1109	1104	0.166667	0.166667
1052	1053	1018	1017	0.166667	0.166667
1058	1055	1057	1057	0.125	0.125
1052	1055	1057	1057	0.125	0.125
1058	1056	1069	1067	0.166667	0.166667
1029	1063	1026	1028	0.166667	0.166667
1029	1064	1030	1030	0.0833333	0.0833333
1075	1064	1030	1030	0.0833333	0.0833333
1075	1066	1077	1078	0.166667	0.166667
1058	1067	1056	1055	0.166667	0.166667
1104	1069	1103	1103	0.0833333	0.0833333
1058	1069	1103	1103	0.0833333	0.0833333
1104	1070	1107	1105	0.166667	0.166667
1030	1075	1024	1029	0.166667	0.166667
1030	1076	1031	1031	0.125	0.125
1082	1076	1031	1031	0.125	0.125
1082	1081	1130	1131	0.166667	0.166667
1075	1077	1064	1066	0.166667	0.166667
1075	1078	1076	1076	0.125	0.125
1081	1078	1076	1076	0.125	0.125
1081	1080	1118	1119	0.166667	0.166667
1103	1104	1058	1057	0.166667	0.166667
1103	1109	1157	1157	0.125	0.125
1104	1105	1070	1069	0.166667	0.166667
1104	1107	1109	1109	0.125	0.125
1109	1110	1104	1104	0.125	0.125
1159	1112	1158	1158	0.125	0.125
1109	1112	1158	1158	0.125	0.125
1159	1113	1164	1162	0.166667	0.166667
1081	1118	1078	1080	0.166667	0.166667
1081	1119	1082	1082	0.0833333	0.0833333
1130	1119	1082	1082	0.0833333	0.0833333
1130	1121	1132	1133	0.166667	0.166667
1082	1130	1076	1081	0.166667	0.166667
1082	1131	1083	1083	0.125	0.125
1137	1131	1083	1083	0.125	0.125
1137	1136	1191	1192	0.166667	0.166667
1130	1132	1119	1121	0.166667	0.166667
1130	1133	1131	1131	0.125	0.125
1136	1133	1131	1131	0.125	0.125
1136	1135	1179	1180	0.166667	0.166667
1157	1158	1103	1103	0.125	0.125
1218	1160	1217	1217	0.125	0.125
1157	1160	1217	1217	0.125	0.125
1218	1161	1221	1219	0.166667	0.166667
1159	1162	1113	1112	0.166667	0.166667
1170	1164	1161	1161	0.125	0.125
1159	1164	1161	1161	0.125	0.125
1170	1165	1173	1171	0.166667	0.166667
1170	1171	1165	1164	0.166667	0.166667
1220	1173	1219	1219	0.125	0.125
1170	1173	1219	1219	0.125	0.125
1220	1174	1225	1223	0.166667	0.166667
1136	1179	1133	1135	0.166667	0.166667
1136	1180	1137	1137	0.0833333	0.0833333
1191	1180	1137	1137	0.0833333	0.0833333
1191	1182	1193	1194	0.166667	0.166667
1137	1191	1131	1136	0.166667	0.166667
1137	1192	1138	1138	0.125	0.125
1198	1192	1138	1138	0.125	0.125
1198	1197	1252	1253	0.166667	0.166667
1191	1193	1180	1182	0.166667	0.166667
1191	1194	1192	1192	0.125	0.125
1197	1194	1192	1192	0.125	0.125
1197	1196	1240	1241	0.166667	0.166667
1218	1219	1161	1160	0.166667	0.166667
1279	1221	1278	1278	0.125	0.125
1218	1221	1278	1278	0.125	0.125
1279	1222	1285	1280	0.166667	0.166667
1220	1223	1174	1173	0.166667	0.166667
1231	1225	1222	1222	0.125	0.125
1220	1225	1222	1222	0.125	0.125
1231	1226	1234	1232	0.166667	0.166667
1231	1232	1226	1225	0.166667	0.166667
1231	1234	1280	1280	0.125	0.125
1197	1240	1194	1196	0.166667	0.166667
1197	1241	1198	1198	0.0833333	0.0833333
1252	1241	1198	1198	0.0833333	0.0833333
1252	1243	1254	1255	0.166667	0.166667
1198	1252	1192	1197	0.166667	0.166667
1198	1253	1199	1199	0.125	0.125
1259	1253	1199	1199	0.125	0.125
1259	1258	1319	1320	0.166667	0.166667
1252	1254	1241	1243	0.166667	0.166667
1252	1255	1253	1253	0.125	0.125
1258	1255	1253	1253	0.125	0.125
1258	1257	1307	1308	0.166667	0.166667
1279	1280	1222	1221	0.166667	0.166667
1346	1285	1345	1345	0.125	0.125
1279	1285	1345	1345	0.125	0.125
1346	1286	1352	1347	0.166667	0.166667
1280	1281	1231	1231	0.125	0.125
1286	1283	1285	1285	0.125	0.125
1280	1283	1285	1285	0.125	0.125
1286	1284	1297	1295	0.166667	0.166667
1286	1295	1284	1283	0.166667	0.166667
1347	1297	1346	1346	0.0833333	0.0833333
1286	1297	1346	1346	0.0833333	0.0833333
1347	1298	1350	1348	0.166667	0.166667
1258	1307	1255	1257	0.166667	0.166667
1258	1308	1259	1259	0.0833333	0.0833333
1319	1308	1259	1259	0.0833333	0.0833333
1319	1310	1321	1322	0.166667	0.166667
1259	1319	1253	1258	0.166667	0.166667
1259	1320	1260	1260	0.125	0.125
1326	1320	1260	1260	0.125	0.125
1326	1325	1386	1387	0.166667	0.166667
1319	1321	1308	1310	0.166667	0.166667
1319	1322	1320	1320	0.125	0.125
1325	1322	1320	1320	0.125	0.125
1325	1324	1374	1375	0.166667	0.166667
1346	1347	1286	1285	0.166667	0.166667
1346	1352	1412	1412	0.125	0.125
1347	1348	1298	1297	0.166667	0.166667
1353	1350	1352	1352	0.125	0.125
1347	1350	1352	1352	0.125	0.125
1353	1351	1364	1362	0.166667	0.166667
1353	1362	1351	1350	0.166667	0.166667
1353	1364	1414	1414	0.125	0.125
1325	1374	1322	1324	0.166667	0.166667
1325	1375	1326	1326	0.0833333	0.0833333
1386	1375	1326	1326	0.0833333	0.0833333
1386	1377	1388	1389	0.166667	0.166667
1326	1386	1320	1325	0.166667	0.166667
1326	1387	1327	1327	0.125	0.125
1393	1387	1327	1327	0.125	0.125
1393	1392	1462	1463	0.166667	0.166667
1386	1388	1375	1377	0.166667	0.166667
1386	1389	1387	1387	0.125	0.125
1392	1389	1387	1387	0.125	0.125
1392	1391	1450	1451	0.166667	0.166667
1412	1413	1346	1346	0.125	0.125
1488	1415	1487	1487	0.125	0.125
1412	1415	1487	1487	0.125	0.125
1488	1416	1491	1489	0.166667	0.166667
1414	1417	1353	1353	0.125	0.125
1425	1419	1416	1416	0.125	0.125
1414	1419	1416	1416	0.125	0.125
1425	1420	1428	1426	0.166667	0.166667
1425	1426	1420	1419	0.166667	0.166667
1490	1428	1489	1489	0.125	0.125
1425	1428	1489	1489	0.125	0.125
1490	1429	1495	1493	0.166667	0.166667
1392	1450	1389	1391	0.166667	0.166667
1392	1451	1393	1393	0.0833333	0.0833333
1462	1451	1393	1393	0.0833333	0.0833333
1462	1453	1464	1465	0.166667	0.166667
1393	1462	1387	1392	0.166667	0.166667
1393	1463	1394	1394	0.125	0.125
1469	1463	1394	1394	0.125	0.125
1469	1468	1538	1539	0.166667	0.166667
1462	1464	1451	1453	0.166667	0.166667
1462	1465	1463	1463	0.125	0.125
1468	1465	1463	1463	0.125	0.125
1468	1467	1526	1527	0.166667	0.166667
1488	1489	1416	1415	0.166667	0.166667
1561	1491	1560	1560	0.125	0.125
1488	1491	1560	1560	0.125	0.125
1561	1492	1564	1562	0.166667	0.166667
1490	1493	1429	1428	0.166667	0.166667
1501	1495	1492	1492	0.125	0.125
1490	1495	1492	1492	0.125	0.125
1501	1496	1504	1502	0.166667	0.166667
1501	1502	1496	1495	0.166667	0.166667
1563	1504	1562	1562	0.125	0.125
1501	1504	1562	1562	0.125	0.125
1563	1505	1568	1566	0.166667	0.166667
1468	1526	1465	1467	0.166667	0.166667
1468	1527	1469	1469	0.0833333	0.0833333
1538	1527	1469	1469	0.0833333	0.0833333
1538	1529	1540	1540	0.125	0.125
1540	1535	1538	1538	0.125	0.125
1540	1537	1598	1599	0.166667	0.166667
1469	1538	1463	1468	0.166667	0.166667
1469	1539	1470	1470	0.125	0.125
1542	1539	1470	1470	0.125	0.125
1542	1541	1608	1608	0.125	0.125
1561	1562	1492	1491	0.166667	0.166667
1628	1564	1627	1627	0.125	0.125
1561	1564	1627	1627	0.125	0.125
1628	1565	1634	1629	0.166667	0.166667
1563	1566	1505	1504	0.166667	0.166667
1563	1568	1565	1565	0.125	0.125
1565	1574	1563	1563	0.125	0.125
1629	1576	1628	1628	0.0833333	0.0833333
1565	1576	1628	1628	0.0833333	0.0833333
1629	1577	1632	1630	0.166667	0.166667
1608	1602	1542	1542	0.125	0.125
1608	1607	1668	1669	0.166667	0.166667
1540	1598	1535	1537	0.166667	0.166667
1540	1599	1541	1541	0.125	0.125
1602	1599	1541	1541	0.125	0.125
1602	1601	1607	1607	0.125	0.125
1607	1604	1602	1602	0.125	0.125
1607	1606	1656	1657	0.166667	0.166667
1628	1629	1565	1564	0.166667	0.166667
1692	1634	1691	1691	0.125	0.125
1628	1634	1691	1691	0.125	0.125
1692	1635	1698	1693	0.166667	0.166667
1629	1630	1577	1576	0.166667	0.166667
1635	1632	1634	1634	0.125	0.125
1629	1632	1634	1634	0.125	0.125
1635	1633	1646	1644	0.166667	0.166667
1635	1644	1633	1632	0.166667	0.166667
1693	1646	1692	1692	0.0833333	0.0833333
1635	1646	1692	1692	0.0833333	0.0833333
1693	1647	1696	1694	0.166667	0.166667
1607	1656	1604	1606	0.166667	0.166667
1607	1657	1608	1608	0.0833333	0.0833333
1668	1657	1608	1608	0.0833333	0.0833333
1668	1659	1670	1670	0.125	0.125
1670	1665	1668	1668	0.125	0.125
1670	1667	1719	1719	0.125	0.125
1608	1668	1602	1607	0.166667	0.166667
1608	1669	1609	1609	0.125	0.125
1672	1669	1609	1609	0.125	0.125
1672	1671	1726	1726	0.125	0.125
1692	1693	1635	1634	0.166667	0.166667
1692	1698	1746	1746	0.125	0.125
1693	1694	1647	1646	0.166667	0.166667
1693	1696	1698	1698	0.125	0.125
1698	1699	1693	1693	0.125	0.125
1748	1701	1747	1747	0.125	0.125
1698	1701	1747	1747	0.125	0.125
1748	1702	1753	1751	0.166667	0.166667
1719	1708	1670	1670	0.125	0.125
1719	1710	1721	1722	0.166667	0.166667
1726	1720	1672	1672	0.125	0.125
1726	1725	1777	1778	0.166667	0.166667
1719	1721	1708	1710	0.166667	0.166667
1719	1722	1720	1720	0.125	0.125
1725	1722	1720	1720	0.125	0.125
1725	1724	1768	1768	0.125	0.125
1746	1747	1692	1692	0.125	0.125
1801	1749	1800	1800	0.125	0.125
1746	1749	1800	1800	0.125	0.125
1801	1750	1804	1802	0.166667	0.166667
1748	1751	1702	1701	0.166667	0.166667
1759	1753	1750	1750	0.125	0.125
1748	1753	1750	1750	0.125	0.125
1759	1754	1762	1760	0.166667	0.166667
1759	1760	1754	1753	0.166667	0.166667
1803	1762	1802	1802	0.125	0.125
1759	1762	1802	1802	0.125	0.125
1803	1763	1808	1806	0.166667	0.166667
1768	1765	1725	1725	0.125	0.125
1768	1767	1773	1774	0.166667	0.166667
1768	1773	1765	1767	0.166667	0.166667
1768	1774	1777	1777	0.125	0.125
1779	1774	1777	1777	0.125	0.125
1779	1776	1819	1819	0.125	0.125
1726	1777	1720	1725	0.166667	0.166667
1726	1778	1727	1727	0.125	0.125
1781	1778	1727	1727	0.125	0.125
1781	1780	1826	1826	0.125	0.125
1801	1802	1750	1749	0.166667	0.166667
1803	1806	1763	1762	0.166667	0.166667
1814	1808	1805	1805	0.125	0.125
1803	1808	1805	1805	0.125	0.125
1814	1809	1817	1815	0.166667	0.166667
1819	1811	1779	1779	0.125	0.125
1819	1813	1821	1822	0.166667	0.166667
1814	1815	1809	1808	0.166667	0.166667
1826	1820	1781	1781	0.125	0.125
1819	1821	1811	1813	0.166667	0.166667
1819	1822	1820	1820	0.125	0.125
1825	1822	1820	1820	0.125	0.125
1835	1838	1871	1871	0.125	0.125
1837	1839	1836	1836	0.125	0.125
1838	1839	1836	1836	0.125	0.125
1837	1840	1843	1843	0.125	0.125
1873	1841	1872	1872	0.125	0.125
1838	1841	1872	1872	0.125	0.125
1873	1842	1878	1876	0.166667	0.166667
1850	1849	1889	1890	0.166667	0.166667
1843	1845	1837	1837	0.125	0.125
1843	1846	1844	1844	0.125	0.125
1849	1846	1844	1844	0.125	0.125
1849	1848	1880	1881	0.166667	0.166667
1871	1872	1835	1835	0.125	0.125
1917	1874	1916	1916	0.125	0.125
1871	1874	1916	1916	0.125	0.125
1917	1875	1920	1918	0.166667	0.166667
1873	1876	1842	1841	0.166667	0.166667
1884	1878	1875	1875	0.125	0.125
1873	1878	1875	1875	0.125	0.125
1884	1879	1887	1885	0.166667	0.166667
1849	1880	1846	1848	0.166667	0.166667
1849	1881	1850	1850	0.0833333	0.0833333
1889	1881	1850	1850	0.0833333	0.0833333
1889	1883	1891	1892	0.166667	0.166667
1884	1885	1879	1878	0.166667	0.166667
1919	1887	1918	1918	0.125	0.125
1884	1887	1918	1918	0.125	0.125
1919	1888	1924	1922	0.166667	0.166667
1850	1889	1844	1849	0.166667	0.166667
1850	1890	1851	1851	0.125	0.125
1896	1890	1851	1851	0.125	0.125
1896	1895	1938	1939	0.166667	0.166667
1889	1891	1881	1883	0.166667	0.166667
1889	1892	1890	1890	0.125	0.125
1895	1892	1890	1890	0.125	0.125
1895	1894	1926	1927	0.166667	0.166667
1917	1918	1875	1874	0.166667	0.166667
1966	1920	1965	1965	0.125	0.125
1917	1920	1965	1965	0.125	0.125
1966	1921	1972	1967	0.166667	0.166667
1919	1922	1888	1887	0.166667	0.166667
1919	1924	1921	1921	0.125	0.125
1895	1926	1892	1894	0.166667	0.166667
1895	1927	1896	1896	0.0833333	0.0833333
1938	1927	1896	1896	0.0833333	0.0833333
1938	1929	1940	1941	0.166667	0.166667
1921	1930	1919	1919	0.125	0.125
1967	1932	1966	1966	0.0833333	0.0833333
1921	1932	1966	1966	0.0833333	0.0833333
1967	1933	1970	1968	0.166667	0.166667
1896	1938	1890	1895	0.166667	0.166667
1896	1939	1897	1897	0.125	0.125
1945	1939	1897	1897	0.125	0.125
1945	1944	1990	1991	0.166667	0.166667
1938	1940	1927	1929	0.166667	0.166667
1938	1941	1939	1939	0.125	0.125
1944	1941	1939	1939	0.125	0.125
1944	1943	1978	1979	0.166667	0.166667
1966	1967	1921	1920	0.166667	0.166667
2018	1972	2017	2017	0.125	0.125
1966	1972	2017	2017	0.125	0.125
2018	1973	2024	2019	0.166667	0.166667
1967	1968	1933	1932	0.166667	0.166667
1973	1970	1972	1972	0.125	0.125
1967	1970	1972	1972	0.125	0.125
1973	1971	1984	1982	0.166667	0.166667
1944	1978	1941	1943	0.166667	0.166667
1944	1979	1945	1945	0.0833333	0.0833333
1990	1979	1945	1945	0.0833333	0.0833333
1990	1981	1992	1993	0.166667	0.166667
1973	1982	1971	1970	0.166667	0.166667
2019	1984	2018	2018	0.0833333	0.0833333
1973	1984	2018	2018	0.0833333	0.0833333
2019	1985	2022	2020	0.166667	0.166667
1945	1990	1939	1944	0.166667	0.166667
1945	1991	1946	1946	0.125	0.125
1997	1991	1946	1946	0.125	0.125
1997	1996	2045	2046	0.166667	0.166667
1990	1992	1979	1981	0.166667	0.166667
1990	1993	1991	1991	0.125	0.125
1996	1993	1991	1991	0.125	0.125
1996	1995	2033	2034	0.166667	0.166667
2018	2019	1973	1972	0.166667	0.166667
2018	2024	2072	2072	0.125	0.125
2019	2020	1985	1984	0.166667	0.166667
2019	2022	2024	2024	0.125	0.125
2024	2025	2019	2019	0.125	0.125
2074	2027	2073	2073	0.125	0.125
2024	2027	2073	2073	0.125	0.125
2074	2028	2079	2077	0.166667	0.166667
1996	2033	1993	1995	0.166667	0.166667
1996	2034	1997	1997	0.0833333	0.0833333
2045	2034	1997	1997	0.0833333	0.0833333
2045	2036	2047	2048	0.166667	0.166667
1997	2045	1991	1996	0.166667	0.166667
1997	2046	1998	1998	0.125	0.125
2052	2046	1998	1998	0.125	0.125
2052	2051	2106	2107	0.166667	0.166667
2045	2047	2034	2036	0.166667	0.166667
2045	2048	2046	2046	0.125	0.125
2051	2048	2046	2046	0.125	0.125
2051	2050	2094	2095	0.166667	0.166667
2072	2073	2018	2018	0.125	0.125
2133	2075	2132	2132	0.125	0.125
2072	2075	2132	2132	0.125	0.125
2133	2076	2136	2134	0.166667	0.166667
2074	2077	2028	2027	0.166667	0.166667
2085	2079	2076	2076	0.125	0.125
2074	2079	2076	2076	0.125	0.125
2085	2080	2088	2086	0.166667	0.166667
2085	2086	2080	2079	0.166667	0.166667
2135	2088	2134	2134	0.125	0.125
2085	2088	2134	2134	0.125	0.125
2135	2089	2140	2138	0.166667	0.166667
2051	2094	2048	2050	0.166667	0.166667
2051	2095	2052	2052	0.0833333	0.0833333
2106	2095	2052	2052	0.0833333	0.0833333
2106	2097	2108	2109	0.166667	0.166667
2052	2106	2046	2051	0.166667	0.166667
2052	2107	2053	2053	0.125	0.125
2113	2107	2053	2053	0.125	0.125
2113	2112	2167	2168	0.166667	0.166667
2106	2108	2095	2097	0.166667	0.166667
2106	2109	2107	2107	0.125	0.125
2112	2109	2107	2107	0.125	0.125
2112	2111	2155	2156	0.166667	0.166667
2133	2134	2076	2075	0.166667	0.166667
2194	2136	2193	2193	0.125	0.125
2133	2136	2193	2193	0.125	0.125
2194	2137	2200	2195	0.166667	0.166667
2135	2138	2089	2088	0.166667	0.166667
2146	2140	2137	2137	0.125	0.125
2135	2140	2137	2137	0.125	0.125
2146	2141	2149	2147	0.166667	0.166667
2146	2147	2141	2140	0.166667	0.166667
2146	2149	2195	2195	0.125	0.125
2112	2155	2109	2111	0.166667	0.166667
2112	2156	2113	2113	0.0833333	0.0833333
2167	2156	2113	2113	0.0833333	0.0833333
2167	2158	2169	2170	0.166667	0.166667
2113	2167	2107	2112	0.166667	0.166667
2113	2168	2114	2114	0.125	0.125
2174	2168	2114	2114	0.125	0.125
2174	2173	2234	2235	0.166667	0.166667
2167	2169	2156	2158	0.166667	0.166667
2167	2170	2168	2168	0.125	0.125
2173	2170	2168	2168	0.125	0.125
2173	2172	2222	2223	0.166667	0.166667
2194	2195	2137	2136	0.166667	0.166667
2261	2200	2260	2260	0.125	0.125
2194	2200	2260	2260	0.125	0.125
2261	2201	2267	2262	0.166667	0.166667
2195	2196	2146	2146	0.125	0.125
2201	2198	2200	2200	0.125	0.125
2195	2198	2200	2200	0.125	0.125
2201	2199	2212	2210	0.166667	0.166667
2201	2210	2199	2198	0.166667	0.166667
2262	2212	2261	2261	0.0833333	0.0833333
2201	2212	2261	2261	0.0833333	0.0833333
2262	2213	2265	2263	0.166667	0.166667
2173	2222	2170	2172	0.166667	0.166667
2173	2223	2174	2174	0.0833333	0.0833333
2234	2223	2174	2174	0.0833333	0.0833333
2234	2225	2236	2237	0.166667	0.166667
2174	2234	2168	2173	0.166667	0.166667
2174	2235	2175	2175	0.125	0.125
2241	2235	2175	2175	0.125	0.125
2241	2240	2301	2302	0.166667	0.166667
2234	2236	2223	2225	0.166667	0.166667
2234	2237	2235	2235	0.125	0.125
2240	2237	2235	2235	0.125	0.125
2240	2239	2289	2290	0.166667	0.166667
2261	2262	2201	2200	0.166667	0.166667
2261	2267	2327	2327	0.125	0.125
2262	2263	2213	2212	0.166667	0.166667
2268	2265	2267	2267	0.125	0.125
2262	2265	2267	2267	0.125	0.125
2268	2266	2279	2277	0.166667	0.166667
2268	2277	2266	2265	0.166667	0.166667
2268	2279	2329	2329	0.125	0.125
2240	2289	2237	2239	0.166667	0.166667
2240	2290	2241	2241	0.0833333	0.0833333
2301	2290	2241	2241	0.0833333	0.0833333
2301	2292	2303	2304	0.166667	0.166667
2241	2301	2235	2240	0.166667	0.166667
2241	2302	2242	2242	0.125	0.125
2308	2302	2242	2242	0.125	0.125
2308	2307	2377	2378	0.166667	0.166667
2301	2303	2290	2292	0.166667	0.166667
2301	2304	2302	2302	0.125	0.125
2307	2304	2302	2302	0.125	0.125
2307	2306	2365	2366	0.166667	0.166667
2327	2328	2261	2261	0.125	0.125
2403	2330	2402	2402	0.125	0.125
2327	2330	2402	2402	0.125	0.125
2403	2331	2406	2404	0.166667	0.166667
2329	2332	2268	2268	0.125	0.125
2340	2334	2331	2331	0.125	0.125
2329	2334	2331	2331	0.125	0.125
2340	2335	2343	2341	0.166667	0.166667
2340	2341	2335	2334	0.166667	0.166667
2405	2343	2404	2404	0.125	0.125
2340	2343	2404	2404	0.125	0.125
2405	2344	2410	2408	0.166667	0.166667
2307	2365	2304	2306	0.166667	0.166667
2307	2366	2308	2308	0.0833333	0.0833333
2377	2366	2308	2308	0.0833333	0.0833333
2377	2368	2379	2380	0.166667	0.166667
2308	2377	2302	2307	0.166667	0.166667
2308	2378	2309	2309	0.125	0.125
2384	2378	2309	2309	0.125	0.125
2384	2383	2453	2454	0.166667	0.166667
2377	2379	2366	2368	0.166667	0.166667
2377	2380	2378	2378	0.125	0.125
2383	2380	2378	2378	0.125	0.125
2383	2382	2441	2442	0.166667	0.166667
2403	2404	2331	2330	0.166667	0.166667
2476	2406	2475	2475	0.125	0.125
2403	2406	2475	2475	0.125	0.125
2476	2407	2479	2477	0.166667	0.166667
2405	2408	2344	2343	0.166667	0.166667
2416	2410	2407	2407	0.125	0.125
2405	2410	2407	2407	0.125	0.125
2416	2411	2419	2417	0.166667	0.166667
2416	2417	2411	2410	0.166667	0.166667
2478	2419	2477	2477	0.125	0.125
2416	2419	2477	2477	0.125	0.125
2478	2420	2483	2481	0.166667	0.166667
2383	2441	2380	2382	0.166667	0.166667
2383	2442	2384	2384	0.0833333	0.0833333
2453	2442	2384	2384	0.0833333	0.0833333
2453	2444	2455	2455	0.125	0.125
2455	2450	2453	2453	0.125	0.125
2455	2452	2513	2514	0.166667	0.166667
2384	2453	2378	2383	0.166667	0.166667
2384	2454	2385	2385	0.125	0.125
2457	2454	2385	2385	0.125	0.125
2457	2456	2523	2523	0.125	0.125
2476	2477	2407	2406	0.166667	0.166667
2543	2479	2542	2542	0.125	0.125
2476	2479	2542	2542	0.125	0.125
2543	2480	2549	2544	0.166667	0.166667
2478	2481	2420	2419	0.166667	0.166667
2478	2483	2480	2480	0.125	0.125
2480	2489	2478	2478	0.125	0.125
2544	2491	2543	2543	0.0833333	0.0833333
2480	2491	2543	2543	0.0833333	0.0833333
2544	2492	2547	2545	0.166667	0.166667
2523	2517	2457	2457	0.125	0.125
2523	2522	2583	2584	0.166667	0.166667
2455	2513	2450	2452	0.166667	0.166667
2455	2514	2456	2456	0.125	0.125
2517	2514	2456	2456	0.125	0.125
2517	2516	2522	2522	0.125	0.125
2522	2519	2517	2517	0.125	0.125
2522	2521	2571	2572	0.166667	0.166667
2543	2544	2480	2479	0.166667	0.166667
2607	2549	2606	2606	0.125	0.125
2543	2549	2606	2606	0.125	0.125
2607	2550	2613	2608	0.166667	0.166667
2544	2545	2492	2491	0.166667	0.166667
2550	2547	2549	2549	0.125	0.125
2544	2547	2549	2549	0.125	0.125
2550	2548	2561	2559	0.166667	0.166667
2550	2559	2548	2547	0.166667	0.166667
2608	2561	2607	2607	0.0833333	0.0833333
2550	2561	2607	2607	0.0833333	0.0833333
2608	2562	2611	2609	0.166667	0.166667
2522	2571	2519	2521	0.166667	0.166667
2522	2572	2523	2523	0.0833333	0.0833333
2583	2572	2523	2523	0.0833333	0.0833333
2583	2574	2585	2585	0.125	0.125
2585	2580	2583	2583	0.125	0.125
2585	2582	2634	2634	0.125	0.125
2523	2583	2517	2522	0.166667	0.166667
2523	2584	2524	2524	0.125	0.125
2587	2584	2524	2524	0.125	0.125
2587	2586	2641	2641	0.125	0.125
2607	2608	2550	2549	0.166667	0.166667
2607	2613	2661	2661	0.125	0.125
2608	2609	2562	2561	0.166667	0.166667
2608	2611	2613	2613	0.125	0.125
2613	2614	2608	2608	0.125	0.125
2663	2616	2662	2662	0.125	0.125
2613	2616	2662	2662	0.125	0.125
2663	2617	2668	2666	0.166667	0.166667
2634	2623	2585	2585	0.125	0.125
2634	2625	2636	2637	0.166667	0.166667
2641	2635	2587	2587	0.125	0.125
2641	2640	2692	2693	0.166667	0.166667
2634	2636	2623	2625	0.166667	0.166667
2634	2637	2635	2635	0.125	0.125
2640	2637	2635	2635	0.125	0.125
2640	2639	2683	2683	0.125	0.125
2661	2662	2607	2607	0.125	0.125
2716	2664	2715	2715	0.125	0.125
2661	2664	2715	2715	0.125	0.125
2716	2665	2719	2717	0.166667	0.166667
2663	2666	2617	2616	0.166667	0.166667
2674	2668	2665	2665	0.125	0.125
2663	2668	2665	2665	0.125	0.125
2674	2669	2677	2675	0.166667	0.166667
2674	2675	2669	2668	0.166667	0.166667
2718	2677	2717	2717	0.125	0.125
2674	2677	2717	2717	0.125	0.125
2718	2678	2723	2721	0.166667	0.166667
2683	2680	2640	2640	0.125	0.125
2683	2682	2688	2689	0.166667	0.166667
2683	2688	2680	2682	0.166667	0.166667
2683	2689	2692	2692	0.125	0.125
2694	2689	2692	2692	0.125	0.125
2694	2691	2734	2734	0.125	0.125
2641	2692	2635	2640	0.166667	0.166667
2641	2693	2642	2642	0.125	0.125
2696	2693	2642	2642	0.125	0.125
2696	2695	2741	2741	0.125	0.125
2716	2717	2665	2664	0.166667	0.166667
2718	2721	2678	2677	0.166667	0.166667
2729	2723	2720	2720	0.125	0.125
2718	2723	2720	2720	0.125	0.125
2729	2724	2732	2730	0.166667	0.166667
2734	2726	2694	2694	0.125	0.125
2734	2728	2736	2737	0.166667	0.166667
2729	2730	2724	2723	0.166667	0.166667
2741	2735	2696	2696	0.125	0.125
2734	2736	2726	2728	0.166667	0.166667
2734	2737	2735	2735	0.125	0.125
2740	2737	2735	2735	0.125	0.125
2750	2753	2786	2786	0.125	0.125
2752	2754	2751	2751	0.125	0.125
2753	2754	2751	2751	0.125	0.125
2752	2755	2758	2758	0.125	0.125
2788	2756	2787	2787	0.125	0.125
2753	2756	2787	2787	0.125	0.125
2788	2757	2793	2791	0.166667	0.166667
2765	2764	2804	2805	0.166667	0.166667
2758	2760	2752	2752	0.125	0.125
2758	2761	2759	2759	0.125	0.125
2764	2761	2759	2759	0.125	0.125
2764	2763	2795	2796	0.166667	0.166667
2786	2787	2750	2750	0.125	0.125
2832	2789	2831	2831	0.125	0.125
2786	2789	2831	2831	0.125	0.125
2832	2790	2835	2833	0.166667	0.166667
2788	2791	2757	2756	0.166667	0.166667
2799	2793	2790	2790	0.125	0.125
2788	2793	2790	2790	0.125	0.125
2799	2794	2802	2800	0.166667	0.166667
2764	2795	2761	2763	0.166667	0.166667
2764	2796	2765	2765	0.0833333	0.0833333
2804	2796	2765	2765	0.0833333	0.0833333
2804	2798	2806	2807	0.166667	0.166667
2799	2800	2794	2793	0.166667	0.166667
2834	2802	2833	2833	0.125	0.125
2799	2802	2833	2833	0.125	0.125
2834	2803	2839	2837	0.166667	0.166667
2765	2804	2759	2764	0.166667	0.166667
2765	2805	2766	2766	0.125	0.125
2811	2805	2766	2766	0.125	0.125
2811	2810	2853	2854	0.166667	0.166667
2804	2806	2796	2798	0.166667	0.166667
2804	2807	2805	2805	0.125	0.125
2810	2807	2805	2805	0.125	0.125
2810	2809	2841	2842	0.166667	0.166667
2832	2833	2790	2789	0.166667	0.166667
2881	2835	2880	2880	0.125	0.125
2832	2835	2880	2880	0.125	0.125
2881	2836	2887	2882	0.166667	0.166667
2834	2837	2803	2802	0.166667	0.166667
2834	2839	2836	2836	0.125	0.125
2810	2841	2807	2809	0.166667	0.166667
2810	2842	2811	2811	0.0833333	0.0833333
2853	2842	2811	2811	0.0833333	0.0833333
2853	2844	2855	2856	0.166667	0.166667
2836	2845	2834	2834	0.125	0.125
2882	2847	2881	2881	0.0833333	0.0833333
2836	2847	2881	2881	0.0833333	0.0833333
2882	2848	2885	2883	0.166667	0.166667
2811	2853	2805	2810	0.166667	0.166667
2811	2854	2812	2812	0.125	0.125
2860	2854	2812	2812	0.125	0.125
2860	2859	2905	2906	0.166667	0.166667
2853	2855	2842	2844	0.166667	0.166667
2853	2856	2854	2854	0.125	0.125
2859	2856	2854	2854	0.125	0.125
2859	2858	2893	2894	0.166667	0.166667
2881	2882	2836	2835	0.166667	0.166667
2933	2887	2932	2932	0.125	0.125
2881	2887	2932	2932	0.125	0.125
2933	2888	2939	2934	0.166667	0.166667
2882	2883	2848	2847	0.166667	0.166667
2888	2885	2887	2887	0.125	0.125
2882	2885	2887	2887	0.125	0.125
2888	2886	2899	2897	0.166667	0.166667
2859	2893	2856	2858	0.166667	0.166667
2859	2894	2860	2860	0.0833333	0.0833333
2905	2894	2860	2860	0.0833333	0.0833333
2905	2896	2907	2908	0.166667	0.166667
2888	2897	2886	2885	0.166667	0.166667
2934	2899	2933	2933	0.0833333	0.0833333
2888	2899	2933	2933	0.0833333	0.0833333
2934	2900	2937	2935	0.166667	0.166667
2860	2905	2854	2859	0.166667	0.166667
2860	2906	2861	2861	0.125	0.125
2912	2906	2861	2861	0.125	0.125
2912	2911	2960	2961	0.166667	0.166667
2905	2907	2894	2896	0.166667	0.166667
2905	2908	2906	2906	0.125	0.125
2911	2908	2906	2906	0.125	0.125
2911	2910	2948	2949	0.166667	0.166667
2933	2934	2888	2887	0.166667	0.166667
2933	2939	2987	2987	0.125	0.125
2934	2935	2900	2899	0.166667	0.166667
2934	2937	2939	2939	0.125	0.125
2939	2940	2934	2934	0.125	0.125
2989	2942	2988	2988	0.125	0.125
2939	2942	2988	2988	0.125	0.125
2989	2943	2994	2992	0.166667	0.166667
2911	2948	2908	2910	0.166667	0.166667
2911	2949	2912	2912	0.0833333	0.0833333
2960	2949	2912	2912	0.0833333	0.0833333
2960	2951	2962	2963	0.166667	0.166667
2912	2960	2906	2911	0.166667	0.166667
2912	2961	2913	2913	0.125	0.125
2967	2961	2913	2913	0.125	0.125
2967	2966	3021	3022	0.166667	0.166667
2960	2962	2949	2951	0.166667	0.166667
2960	2963	2961	2961	0.125	0.125
2966	2963	2961	2961	0.125	0.125
2966	2965	3009	3010	0.166667	0.166667
2987	2988	2933	2933	0.125	0.125
3048	2990	3047	3047	0.125	0.125
2987	2990	3047	3047	0.125	0.125
3048	2991	3051	3049	0.166667	0.166667
2989	2992	2943	2942	0.166667	0.166667
3000	2994	2991	2991	0.125	0.125
2989	2994	2991	2991	0.125	0.125
3000	2995	3003	3001	0.166667	0.166667
3000	3001	2995	2994	0.166667	0.166667
3050	3003	3049	3049	0.125	0.125
3000	3003	3049	3049	0.125	0.125
3050	3004	3055	3053	0.166667	0.166667
2966	3009	2963	2965	0.166667	0.166667
2966	3010	2967	2967	0.0833333	0.0833333
3021	3010	2967	2967	0.0833333	0.0833333
3021	3012	3023	3024	0.166667	0.166667
2967	3021	2961	2966	0.166667	0.166667
2967	3022	2968	2968	0.125	0.125
3028	3022	2968	2968	0.125	0.125
3028	3027	3082	3083	0.166667	0.166667
3021	3023	3010	3012	0.166667	0.166667
3021	3024	3022	3022	0.125	0.125
3027	3024	3022	3022	0.125	0.125
3027	3026	3070	3071	0.166667	0.166667
3048	3049	2991	2990	0.166667	0.166667
3109	3051	3108	3108	0.125	0.125
3048	3051	3108	3108	0.125	0.125
3109	3052	3115	3110	0.166667	0.166667
3050	3053	3004	3003	0.166667	0.166667
3061	3055	3052	3052	0.125	0.125
3050	3055	3052	3052	0.125	0.125
3061	3056	3064	3062	0.166667	0.166667
3061	3062	3056	3055	0.166667	0.166667
3061	3064	3110	3110	0.125	0.125
3027	3070	3024	3026	0.166667	0.166667
3027	3071	3028	3028	0.0833333	0.0833333
3082	3071	3028	3028	0.0833333	0.0833333
3082	3073	3084	3085	0.166667	0.166667
3028	3082	3022	3027	0.166667	0.166667
3028	3083	3029	3029	0.125	0.125
3089	3083	3029	3029	0.125	0.125
3089	3088	3149	3150	0.166667	0.166667
3082	3084	3071	3073	0.166667	0.166667
3082	3085	3083	3083	0.125	0.125
3088	3085	3083	3083	0.125	0.125
3088	3087	3137	3138	0.166667	0.166667
3109	3110	3052	3051	0.166667	0.166667
3176	3115	3175	3175	0.125	0.125
3109	3115	3175	3175	0.125	0.125
3176	3116	3182	3177	0.166667	0.166667
3110	3111	3061	3061	0.125	0.125
3116	3113	3115	3115	0.125	0.125
3110	3113	3115	3115	0.125	0.125
3116	3114	3127	3125	0.166667	0.166667
3116	3125	3114	3113	0.166667	0.166667
3177	3127	3176	3176	0.0833333	0.0833333
3116	3127	3176	3176	0.0833333	0.0833333
3177	3128	3180	3178	0.166667	0.166667
3088	3137	3085	3087	0.166667	0.166667
3088	3138	3089	3089	0.0833333	0.0833333
3149	3138	3089	3089	0.0833333	0.0833333
3149	3140	3151	3152	0.166667	0.166667
3089	3149	3083	3088	0.166667	0.166667
3089	3150	3090	3090	0.125	0.125
3156	3150	3090	3090	0.125	0.125
3156	3155	3216	3217	0.166667	0.166667
3149	3151	3138	3140	0.166667	0.166667
3149	3152	3150	3150	0.125	0.125
3155	3152	3150	3150	0.125	0.125
3155	3154	3204	3205	0.166667	0.166667
3176	3177	3116	3115	0.166667	0.166667
3176	3182	3242	3242	0.125	0.125
3177	3178	3128	3127	0.166667	0.166667
3183	3180	3182	3182	0.125	0.125
3177	3180	3182	3182	0.125	0.125
3183	3181	3194	3192	0.166667	0.166667
3183	3192	3181	3180	0.166667	0.166667
3183	3194	3244	3244	0.125	0.125
3155	3204	3152	3154	0.166667	0.166667
3155	3205	3156	3156	0.0833333	0.0833333
3216	3205	3156	3156	0.0833333	0.0833333
3216	3207	3218	3219	0.166667	0.166667
3156	3216	3150	3155	0.166667	0.166667
3156	3217	3157	3157	0.125	0.125
3223	3217	3157	3157	0.125	0.125
3223	3222	3292	3293	0.166667	0.166667
3216	3218	3205	3207	0.166667	0.166667
3216	3219	3217	3217	0.125	0.125
3222	3219	3217	3217	0.125	0.125
3222	3221	3280	3281	0.166667	0.166667
3242	3243	3176	3176	0.125	0.125
3318	3245	3317	3317	0.125	0.125
3242	3245	3317	3317	0.125	0.125
3318	3246	3321	3319	0.166667	0.166667
3244	3247	3183	3183	0.125	0.125
3255	3249	3246	3246	0.125	0.125
3244	3249	3246	3246	0.125	0.125
3255	3250	3258	3256	0.166667	0.166667
3255	3256	3250	3249	0.166667	0.166667
3320	3258	3319	3319	0.125	0.125
3255	3258	3319	3319	0.125	0.125
3320	3259	3325	3323	0.166667	0.166667
3222	3280	3219	3221	0.166667	0.166667
3222	3281	3223	3223	0.0833333	0.0833333
3292	3281	3223	3223	0.0833333	0.0833333
3292	3283	3294	3295	0.166667	0.166667
3223	3292	3217	3222	0.166667	0.166667
3223	3293	3224	3224	0.125	0.125
3299	3293	3224	3224	0.125	0.125
3299	3298	3368	3369	0.166667	0.166667
3292	3294	3281	3283	0.166667	0.166667
3292	3295	3293	3293	0.125	0.125
3298	3295	3293	3293	0.125	0.125
3298	3297	3356	3357	0.166667	0.166667
3318	3319	3246	3245	0.166667	0.166667
3391	3321	3390	3390	0.125	0.125
3318	3321	3390	3390	0.125	0.125
3391	3322	3394	3392	0.166667	0.166667
3320	3323	3259	3258	0.166667	0.166667
3331	3325	3322	3322	0.125	0.125
3320	3325	3322	3322	0.125	0.125
3331	3326	3334	3332	0.166667	0.166667
3331	3332	3326	3325	0.166667	0.166667
3393	3334	3392	3392	0.125	0.125
3331	3334	3392	3392	0.125	0.125
3393	3335	3398	3396	0.166667	0.166667
3298	3356	3295	3297	0.166667	0.166667
3298	3357	3299	3299	0.0833333	0.0833333
3368	3357	3299	3299	0.0833333	0.0833333
3368	3359	3370	3370	0.125	0.125
3370	3365	3368	3368	0.125	0.125
3370	3367	3428	3429	0.166667	0.166667
3299	3368	3293	3298	0.166667	0.166667
3299	3369	3300	3300	0.125	0.125
3372	3369	3300	3300	0.125	0.125
3372	3371	3438	3438	0.125	0.125
3391	3392	3322	3321	0.166667	0.166667
3458	3394	3457	3457	0.125	0.125
3391	3394	3457	3457	0.125	0.125
3458	3395	3464	3459	0.166667	0.166667
3393	3396	3335	3334	0.166667	0.166667
3393	3398	3395	3395	0.125	0.125
3395	3404	3393	3393	0.125	0.125
3459	3406	3458	3458	0.0833333	0.0833333
3395	3406	3458	3458	0.0833333	0.0833333
3459	3407	3462	3460	0.166667	0.166667
3438	3432	3372	3372	0.125	0.125
3438	3437	3498	3499	0.166667	0.166667
3370	3428	3365	3367	0.166667	0.166667
3370	3429	3371	3371	0.125	0.125
3432	3429	3371	3371	0.125	0.125
3432	3431	3437	3437	0.125	0.125
3437	3434	3432	3432	0.125	0.125
3437	3436	3486	3487	0.166667	0.166667
3458	3459	3395	3394	0.166667	0.166667
3522	3464	3521	3521	0.125	0.125
3458	3464	3521	3521	0.125	0.125
3522	3465	3528	3523	0.166667	0.166667
3459	3460	3407	3406	0.166667	0.166667
3465	3462	3464	3464	0.125	0.125
3459	3462	3464	3464	0.125	0.125
3465	3463	3476	3474	0.166667	0.166667
3465	3474	3463	3462	0.166667	0.166667
3523	3476	3522	3522	0.0833333	0.0833333
3465	3476	3522	3522	0.0833333	0.0833333
3523	3477	3526	3524	0.166667	0.166667
3437	3486	3434	3436	0.166667	0.166667
3437	3487	3438	3438	0.0833333	0.0833333
3498	3487	3438	3438	0.0833333	0.0833333
3498	3489	3500	3500	0.125	0.125
3500	3495	3498	3498	0.125	0.125
3500	3497	3549	3549	0.125	0.125
3438	3498	3432	3437	0.166667	0.166667
3438	3499	3439	3439	0.125	0.125
3502	3499	3439	3439	0.125	0.125
3502	3501	3556	3556	0.125	0.125
3522	3523	3465	3464	0.166667	0.166667
3522	3528	3576	3576	0.125	0.125
3523	3524	3477	3476	0.166667	0.166667
3523	3526	3528	3528	0.125	0.125
3528	3529	3523	3523	0.125	0.125
3578	3531	3577	3577	0.125	0.125
3528	3531	3577	3577	0.125	0.125
3578	3532	3583	3581	0.166667	0.166667
3549	3538	3500	3500	0.125	0.125
3549	3540	3551	3552	0.166667	0.166667
3556	3550	3502	3502	0.125	0.125
3556	3555	3607	3608	0.166667	0.166667
3549	3551	3538	3540	0.166667	0.166667
3549	3552	3550	3550	0.125	0.125
3555	3552	3550	3550	0.125	0.125
3555	3554	3598	3598	0.125	0.125
3576	3577	3522	3522	0.125	0.125
3631	3579	3630	3630	0.125	0.125
3576	3579	3630	3630	0.125	0.125
3631	3580	3634	3632	0.166667	0.166667
3578	3581	3532	3531	0.166667	0.166667
3589	3583	3580	3580	0.125	0.125
3578	3583	3580	3580	0.125	0.125
3589	3584	3592	3590	0.166667	0.166667
3589	3590	3584	3583	0.166667	0.166667
3633	3592	3632	3632	0.125	0.125
3589	3592	3632	3632	0.125	0.125
3633	3593	3638	3636	0.166667	0.166667
3598	3595	3555	3555	0.125	0.125
3598	3597	3603	3604	0.166667	0.166667
3598	3603	3595	3597	0.166667	0.166667
3598	3604	3607	3607	0.125	0.125
3609	3604	3607	3607	0.125	0.125
3609	3606	3649	3649	0.125	0.125
3556	3607	3550	3555	0.166667	0.166667
3556	3608	3557	3557	0.125	0.125
3611	3608	3557	3557	0.125	0.125
3611	3610	3656	3656	0.125	0.125
3631	3632	3580	3579	0.166667	0.166667
3633	3636	3593	3592	0.166667	0.166667
3644	3638	3635	3635	0.125	0.125
3633	3638	3635	3635	0.125	0.125
3644	3639	3647	3645	0.166667	0.166667
3649	3641	3609	3609	0.125	0.125
3649	3643	3651	3652	0.166667	0.166667
3644	3645	3639	3638	0.166667	0.166667
3656	3650	3611	3611	0.125	0.125
3649	3651	3641	3643	0.166667	0.166667
3649	3652	3650	3650	0.125	0.125
3655	3652	3650	3650	0.125	0.125
