1 5 10 15 20 26 31 37 44 50 56 62 68 74 79 85 91 97 103 111 118 123 128 133 138 143 148 153 158 163 168 173 178 183 188 193 197 202 208 214 220 227 233 241 247 253 259 265 271 277 283 289 295 301 309 315 321 327 333 341 347 353 359 365 371 379 387 393 399 405 411 417 423 429 435 441 447 453 459 465 471 476 481 487 493 499 505 513 519 527 533 540 546 552 558 564 570 576 582 588 594 600 606 612 618 624 630 636 644 650 656 662 668 674 682 690 696 702 708 714 720 726 732 738 744 750 756 762 768 773 778 784 790 796 802 808 816 824 830 836 842 848 854 862 868 874 880 886 892 898 904 910 916 922 928 934 940 946 952 958 966 972 978 984 990 996 1004 1012 1018 1024 1030 1036 1042 1048 1054 1060 1066 1072 1078 1084 1089 1094 1100 1106 1112 1118 1124 1130 1138 1146 1152 1158 1164 1170 1177 1183 1189 1195 1201 1207 
1213 1219 1225 1231 1237 1243 1249 1255 1261 1267 1273 1279 1285 1291 1297 1305 1311 1317 1323 1329 1335 1343 1351 1357 1363 1369 1375 1381 1387 1393 1399 1405 1411 1417 1422 1427 1433 1439 1445 1451 1457 1463 1470 1476 1484 1490 1496 1502 1508 1514 1520 1526 1532 1538 1544 1552 1558 1564 1570 1576 1582 1588 1594 1600 1606 1612 1618 1624 1630 1636 1642 1648 1654 1660 1666 1672 1680 1686 1692 1698 1704 1710 1718 1726 1732 1738 1744 1750 1756 1762 1768 1774 1780 1786 1791 1796 1802 1808 1814 1820 1826 1832 1838 1846 1852 1860 1866 1872 1878 1884 1890 1896 1902 1908 1914 1920 1928 1934 1940 1946 1952 1958 1964 1970 1976 1982 1988 1994 2000 2006 2012 2018 2024 2030 2036 2042 2048 2056 2062 2068 2074 2080 2086 2094 2102 2108 2114 2120 2126 2132 2138 2144 2150 2156 2161 2166 2172 2178 2184 2190 2196 2202 2208 2214 2222 2229 2235 2241 2247 2253 2259 2267 2273 2279 2285 2291 2297 2303 2309 2315 2321 2327 2333 2339 2345 2351 2357 2363 2369 2375 2381 2387 2393 2399 2405 2411 2417 2423 2429 2435 
2441 2447 2453 2459 2467 2473 2479 2485 2491 2497 2505 2513 2519 2525 2531 2537 2543 2549 2555 2561 2566 2571 2577 2583 2589 2595 2601 2607 2613 2619 2625 2633 2641 2647 2653 2659 2665 2671 2679 2685 2691 2697 2703 2709 2715 2721 2727 2733 2739 2745 2751 2757 2763 2769 2775 2781 2787 2793 2799 2805 2811 2817 2823 2829 2835 2841 2847 2853 2859 2865 2871 2879 2885 2891 2897 2903 2909 2917 2925 2931 2937 2943 2949 2955 2961 2967 2972 2977 2983 2989 2995 3001 3007 3013 3019 3025 3031 3038 3044 3051 3057 3063 3069 3075 3081 3087 3093 3099 3105 3111 3119 3125 3131 3137 3143 3149 3155 3161 3167 3173 3179 3185 3191 3197 3203 3209 3215 3221 3227 3233 3239 3245 3251 3257 3263 3269 3275 3281 3287 3293 3299 3305 3311 3317 3323 3329 3335 3343 3349 3355 3361 3367 3373 3381 3389 3395 3401 3407 3413 3419 3425 3430 3435 3441 3447 3453 3459 3465 3471 3477 3483 3489 3495 3503 3509 3517 3523 3529 3535 3541 3547 3553 3559 3565 3571 3577 3585 3591 3597 3603 3609 3615 3621 3627 3633 3639 3645 3651 3657 3663 
3669 3675 3681 3687 3693 3699 3705 3711 3717 3723 3729 3735 3741 3747 3753 3759 3765 3771 3777 3783 3789 3795 3801 3808 3814 3822 3828 3835 3841 3847 3853 3859 3865 3870 3875 3881 3887 3893 3899 3905 3911 3917 3923 3929 3935 3941 3949 3955 3963 3969 3976 3982 3988 3994 4000 4006 4012 4018 4024 4030 4036 4042 4048 4054 4060 4066 4072 4078 4084 4090 4096 4102 4108 4114 4120 4126 4132 4138 4144 4150 4156 4162 4168 4174 4180 4186 4192 4199 4205 4211 4217 4223 4231 4239 4245 4251 4257 4263 4269 4274 4279 4285 4291 4297 4303 4309 4315 4321 4327 4333 4339 4345 4351 4359 4367 4373 4379 4385 4391 4397 4405 4411 4417 4423 4429 4435 4441 4447 4453 4459 4465 4471 4477 4483 4489 4495 4501 4507 4513 4519 4525 4531 4537 4543 4549 4555 4561 4567 4573 4579 4585 4591 4597 4604 4610 4617 4623 4630 4636 4642 4648 4654 4659 4664 4670 4676 4682 4688 4694 4700 4706 4712 4718 4724 4730 4736 4742 4750 4758 4764 4770 4776 4782 4789 4795 4801 4807 4813 4819 4825 4831 4837 4843 4849 4855 4861 4867 4873 4879 4885 
4891 4897 4903 4909 4917 4923 4929 4935 4941 4947 4954 4962 4968 4974 4980 4986 4991 4996 5002 5008 5014 5020 5026 5032 5038 5044 5050 5056 5062 5068 5074 5081 5087 5095 5101 5107 5113 5119 5125 5131 5137 5143 5149 5155 5163 5169 5175 5181 5187 5193 5199 5205 5211 5219 5225 5231 5237 5243 5249 5255 5261 5267 5273 5279 5286 5292 5299 5305 5311 5317 5322 5326 5331 5336 5341 5346 5351 5356 5361 5366 5371 5376 5381 5386 5391 5396 5403 5409 5417 5422 5427 5433 5439 5445 5451 5457 5463 5469 5475 5482 5488 5494 5499 5504 5512 5518 5524 5530 5535 5540 5546 5552 5557 5562 5567 5571 5576 5582 5588 5594 5601 5607 5614 5622 5629 5636 5643 5650 5657 5663 5670 5677 5684 5691 5700 5708 5714 5720 5726 5732 5738 5744 5750 5756 5762 5768 5774 5780 5786 5792 5798 5803 5809 5816 5823 5830 5838 5845 5854 5861 5868 5875 5882 5889 5896 5903 5910 5917 5924 5933 5940 5947 5954 5961 5970 5977 5984 5991 5998 6005 6014 6023 6030 6037 6044 6051 6058 6065 6072 6079 6086 6093 6100 6107 6114 6121 6127 6133 6140 6147 
6154 6161 6170 6177 6186 6193 6201 6208 6215 6222 6229 6236 6243 6250 6257 6264 6271 6278 6285 6292 6299 6306 6313 6322 6329 6336 6343 6350 6357 6366 6375 6382 6389 6396 6403 6410 6417 6424 6431 6438 6445 6452 6459 6466 6472 6478 6485 6492 6499 6506 6513 6522 6531 6538 6545 6552 6559 6566 6575 6582 6589 6596 6603 6610 6617 6624 6631 6638 6645 6652 6659 6666 6673 6680 6687 6696 6703 6710 6717 6724 6731 6740 6749 6756 6763 6770 6777 6784 6791 6798 6805 6812 6819 6826 6833 6839 6845 6852 6859 6866 6873 6880 6887 6896 6905 6912 6919 6926 6933 6941 6948 6955 6962 6969 6976 6983 6990 6997 7004 7011 7018 7025 7032 7039 7046 7053 7060 7067 7074 7081 7090 7097 7104 7111 7118 7125 7134 7143 7150 7157 7164 7171 7178 7185 7192 7199 7206 7213 7220 7226 7232 7239 7246 7253 7260 7267 7274 7282 7289 7298 7305 7312 7319 7326 7333 7340 7347 7354 7361 7368 7377 7384 7391 7398 7405 7412 7419 7426 7433 7440 7447 7454 7461 7468 7475 7482 7489 7496 7503 7510 7517 7526 7533 7540 7547 7554 7561 7570 7579 7586 
7593 7600 7607 7614 7621 7628 7635 7642 7649 7655 7661 7668 7675 7682 7689 7696 7703 7710 7719 7726 7735 7742 7749 7756 7763 7770 7777 7784 7791 7798 7805 7814 7821 7828 7835 7842 7849 7856 7863 7870 7877 7884 7891 7898 7905 7912 7919 7926 7933 7940 7947 7954 7963 7970 7977 7984 7991 7998 8007 8016 8023 8030 8037 8044 8051 8058 8065 8072 8079 8085 8091 8098 8105 8112 8119 8126 8133 8140 8147 8156 8164 8171 8178 8185 8192 8199 8208 8215 8222 8229 8236 8243 8250 8257 8264 8271 8278 8285 8292 8299 8306 8313 8320 8327 8334 8341 8348 8355 8362 8369 8376 8383 8390 8397 8404 8411 8418 8425 8432 8441 8448 8455 8462 8469 8476 8485 8494 8501 8508 8515 8522 8529 8536 8543 8550 8556 8562 8569 8576 8583 8590 8597 8604 8611 8618 8625 8634 8643 8650 8657 8664 8671 8678 8687 8694 8701 8708 8715 8722 8729 8736 8743 8750 8757 8764 8771 8778 8785 8792 8799 8806 8813 8820 8827 8834 8841 8848 8855 8862 8869 8876 8883 8890 8897 8904 8911 8920 8927 8934 8941 8948 8955 8964 8973 8980 8987 8994 9001 9008 9015 
9022 9028 9034 9041 9048 9055 9062 9069 9076 9083 9090 9097 9105 9112 9120 9127 9134 9141 9148 9155 9162 9169 9176 9183 9190 9199 9206 9213 9220 9227 9234 9241 9248 9255 9262 9269 9276 9283 9290 9297 9304 9311 9318 9325 9332 9339 9346 9353 9360 9367 9374 9381 9388 9395 9402 9409 9416 9423 9430 9437 9444 9451 9460 9467 9474 9481 9488 9495 9504 9513 9520 9527 9534 9541 9548 9555 9561 9567 9574 9581 9588 9595 9602 9609 9616 9623 9630 9637 9646 9653 9662 9669 9676 9683 9690 9697 9704 9711 9718 9725 9732 9741 9748 9755 9762 9769 9776 9783 9790 9797 9804 9811 9818 9825 9832 9839 9846 9853 9860 9867 9874 9881 9888 9895 9902 9909 9916 9923 9930 9937 9944 9951 9958 9965 9972 9979 9986 9993 10001 10008 10017 10024 10032 10039 10046 10053 10060 10067 10073 10079 10086 10093 10100 10107 10114 10121 10128 10135 10142 10149 10156 10165 10172 10181 10188 10196 10203 10210 10217 10224 10231 10238 10245 10252 10259 10266 10273 10280 10287 10294 10301 10308 10315 10322 10329 10336 10343 10350 10357 10364 10371 10378 10385 10392 10399 10406 10413 10420 10427 10434 
10441 10448 10456 10463 10470 10477 10484 10493 10502 10509 10516 10523 10530 10537 10543 10549 10556 10563 10570 10577 10584 10591 10598 10605 10612 10619 10626 10633 10642 10651 10658 10665 10672 10679 10686 10695 10702 10709 10716 10723 10730 10737 10744 10751 10758 10765 10772 10779 10786 10793 10800 10807 10814 10821 10828 10835 10842 10849 10856 10863 10870 10877 10884 10891 10898 10905 10912 10919 10927 10934 10942 10949 10957 10964 10971 10978 10985 10991 10997 11004 11011 11018 11025 11032 11039 11046 11053 11060 11067 11074 11081 11088 11097 11106 11113 11120 11127 11134 11142 11149 11156 11163 11170 11177 11184 11191 11198 11205 11212 11219 11226 11233 11240 11247 11254 11261 11268 11275 11282 11291 11298 11305 11312 11319 11326 11334 11343 11350 11357 11364 11371 11377 11383 11390 11397 11404 11411 11418 11425 11432 11439 11446 11453 11460 11467 11474 11482 11489 11498 11505 11512 11519 11526 11533 11540 11547 11554 11561 11568 11577 11584 11591 11598 11605 11612 11619 11626 11633 11642 11649 11656 11663 11670 11677 11684 11691 11698 11705 11712 11720 11727 11735 11742 11749 11756 11762 11767 11773 11779 11785 11791 11797 11803 11809 11815 11821 11827 11833 11839 11845 
11851 11859 11866 11875 11881 11887 11894 11901 11908 11915 11922 11929 11936 11943 11951 11958 11965 11971 11977 11986 11993 12000 12007 12013 12019 12026 12033 12039 12045 12051 12056 12061 12067 12073 12079 12086 12092 12099 12107 12114 12121 12128 12135 12142 12148 12155 12162 12169 12176 12185 12193 12199 12205 12211 12217 12223 12229 12235 12241 12247 12253 12259 12265 12271 12277 12283 12288 12294 12301 12308 12315 12323 12330 12339 12346 12353 12360 12367 12374 12381 12388 12395 12402 12409 12418 12425 12432 12439 12446 12455 12462 12469 12476 12483 12490 12499 12508 12515 12522 12529 12536 12543 12550 12557 12564 12571 12578 12585 12592 12599 12606 12612 12618 12625 12632 12639 12646 12655 12662 12671 12678 12686 12693 12700 12707 12714 12721 12728 12735 12742 12749 12756 12763 12770 12777 12784 12791 12798 12807 12814 12821 12828 12835 12842 12851 12860 12867 12874 12881 12888 12895 12902 12909 12916 12923 12930 12937 12944 12951 12957 12963 12970 12977 12984 12991 12998 13007 13016 13023 13030 13037 13044 13051 13060 13067 13074 13081 13088 13095 13102 13109 13116 13123 13130 13137 13144 13151 13158 13165 13172 13181 13188 13195 13202 13209 13216 13225 13234 13241 13248 
13255 13262 13269 13276 13283 13290 13297 13304 13311 13318 13324 13330 13337 13344 13351 13358 13365 13372 13381 13390 13397 13404 13411 13418 13426 13433 13440 13447 13454 13461 13468 13475 13482 13489 13496 13503 13510 13517 13524 13531 13538 13545 13552 13559 13566 13575 13582 13589 13596 13603 13610 13619 13628 13635 13642 13649 13656 13663 13670 13677 13684 13691 13698 13705 13711 13717 13724 13731 13738 13745 13752 13759 13767 13774 13783 13790 13797 13804 13811 13818 13825 13832 13839 13846 13853 13862 13869 13876 13883 13890 13897 13904 13911 13918 13925 13932 13939 13946 13953 13960 13967 13974 13981 13988 13995 14002 14011 14018 14025 14032 14039 14046 14055 14064 14071 14078 14085 14092 14099 14106 14113 14120 14127 14134 14140 14146 14153 14160 14167 14174 14181 14188 14195 14204 14211 14220 14227 14234 14241 14248 14255 14262 14269 14276 14283 14290 14299 14306 14313 14320 14327 14334 14341 14348 14355 14362 14369 14376 14383 14390 14397 14404 14411 14418 14425 14432 14439 14448 14455 14462 14469 14476 14483 14492 14501 14508 14515 14522 14529 14536 14543 14550 14557 14564 14570 14576 14583 14590 14597 14604 14611 14618 14625 14632 14641 14649 14656 14663 14670 14677 
14684 14693 14700 14707 14714 14721 14728 14735 14742 14749 14756 14763 14770 14777 14784 14791 14798 14805 14812 14819 14826 14833 14840 14847 14854 14861 14868 14875 14882 14889 14896 14903 14910 14917 14926 14933 14940 14947 14954 14961 14970 14979 14986 14993 15000 15007 15014 15021 15028 15035 15041 15047 15054 15061 15068 15075 15082 15089 15096 15103 15110 15119 15128 15135 15142 15149 15156 15163 15172 15179 15186 15193 15200 15207 15214 15221 15228 15235 15242 15249 15256 15263 15270 15277 15284 15291 15298 15305 15312 15319 15326 15333 15340 15347 15354 15361 15368 15375 15382 15389 15396 15405 15412 15419 15426 15433 15440 15449 15458 15465 15472 15479 15486 15493 15500 15507 15513 15519 15526 15533 15540 15547 15554 15561 15568 15575 15582 15590 15597 15605 15612 15619 15626 15633 15640 15647 15654 15661 15668 15675 15684 15691 15698 15705 15712 15719 15726 15733 15740 15747 15754 15761 15768 15775 15782 15789 15796 15803 15810 15817 15824 15831 15838 15845 15852 15859 15866 15873 15880 15887 15894 15901 15908 15915 15922 15929 15936 15945 15952 15959 15966 15973 15980 15989 15998 16005 16012 16019 16026 16033 16040 16046 16052 16059 16066 16073 16080 16087 16094 16101 
16108 16115 16122 16131 16138 16147 16154 16161 16168 16175 16182 16189 16196 16203 16210 16217 16226 16233 16240 16247 16254 16261 16268 16275 16282 16289 16296 16303 16310 16317 16324 16331 16338 16345 16352 16359 16366 16373 16380 16387 16394 16401 16408 16415 16422 16429 16436 16443 16450 16457 16464 16471 16478 16486 16493 16502 16509 16517 16524 16531 16538 16545 16552 16558 16564 16571 16578 16585 16592 16599 16606 16613 16620 16627 16634 16641 16650 16657 16666 16673 16681 16688 16695 16702 16709 16716 16723 16730 16737 16744 16751 16758 16765 16772 16779 16786 16793 16800 16807 16814 16821 16828 16835 16842 16849 16856 16863 16870 16877 16884 16891 16898 16905 16912 16919 16926 16933 16941 16948 16955 16962 16969 16978 16987 16994 17001 17008 17015 17022 17028 17034 17041 17048 17055 17062 17069 17076 17083 17090 17097 17104 17111 17118 17127 17136 17143 17150 17157 17164 17171 17180 17187 17194 17201 17208 17215 17222 17229 17236 17243 17250 17257 17264 17271 17278 17285 17292 17299 17306 17313 17320 17327 17334 17341 17348 17355 17362 17369 17376 17383 17390 17397 17404 17412 17419 17427 17434 17442 17449 17456 17463 17470 17476 17482 17489 17496 17503 17510 17517 17524 
17531 17538 17545 17552 17559 17566 17573 17582 17591 17598 17605 17612 17619 17627 17634 17641 17648 17655 17662 17669 17676 17683 17690 17697 17704 17711 17718 17725 17732 17739 17746 17753 17760 17767 17776 17783 17790 17797 17804 17811 17819 17828 17835 17842 17849 17856 17862 17868 17875 17882 17889 17896 17903 17910 17917 17924 17931 17938 17945 17952 17959 17967 17974 17983 17990 17997 18004 18011 18018 18025 18032 18039 18046 18053 18062 18069 18076 18083 18090 18097 18104 18111 18118 18127 18134 18141 18148 18155 18162 18169 18176 18183 18190 18197 18205 18212 18220 18227 18234 18241 18247 18252 18258 18264 18270 18276 18282 18288 18294 18300 18306 18312 18318 18324 18330 18336 18344 18351 18360 18366 18372 18379 18386 18393 18400 18407 18414 18421 18428 18436 18443 18450 18456 18462 18471 18478 18485 18492 18498 18504 18511 18518 18524 18530 18536 18541 18545 18550 18555 18560 18566 18571 18577 18584 18590 18596 18602 18608 18614 18619 18625 18631 18637 18643 18651 18658 18663 18668 18673 18678 18683 18688 18693 18698 18703 18708 18713 18718 18723 18728 18733 18737 18742 18748 18754 18760 18767 18773 18781 18787 18793 18799 18805 18811 18817 18823 18829 18835 18841 18849 
18855 18861 18867 18873 18881 18887 18893 18899 18905 18911 18919 18927 18933 18939 18945 18951 18957 18963 18969 18975 18981 18987 18993 18999 19005 19011 19016 19021 19027 19033 19039 19045 19053 19059 19067 19073 19080 19086 19092 19098 19104 19110 19116 19122 19128 19134 19140 19146 19152 19158 19164 19170 19176 19184 19190 19196 19202 19208 19214 19222 19230 19236 19242 19248 19254 19260 19266 19272 19278 19284 19290 19296 19302 19308 19313 19318 19324 19330 19336 19342 19348 19356 19364 19370 19376 19382 19388 19394 19402 19408 19414 19420 19426 19432 19438 19444 19450 19456 19462 19468 19474 19480 19486 19492 19498 19506 19512 19518 19524 19530 19536 19544 19552 19558 19564 19570 19576 19582 19588 19594 19600 19606 19612 19618 19624 19629 19634 19640 19646 19652 19658 19664 19670 19678 19686 19692 19698 19704 19710 19717 19723 19729 19735 19741 19747 19753 19759 19765 19771 19777 19783 19789 19795 19801 19807 19813 19819 19825 19831 19837 19845 19851 19857 19863 19869 19875 19883 19891 19897 19903 19909 19915 19921 19927 19933 19939 19945 19951 19957 19962 19967 19973 19979 19985 19991 19997 20003 20010 20016 20024 20030 20036 20042 20048 20054 20060 20066 20072 20078 20084 
20092 20098 20104 20110 20116 20122 20128 20134 20140 20146 20152 20158 20164 20170 20176 20182 20188 20194 20200 20206 20212 20220 20226 20232 20238 20244 20250 20258 20266 20272 20278 20284 20290 20296 20302 20308 20314 20320 20326 20331 20336 20342 20348 20354 20360 20366 20372 20378 20386 20392 20400 20406 20412 20418 20424 20430 20436 20442 20448 20454 20460 20468 20474 20480 20486 20492 20498 20504 20510 20516 20522 20528 20534 20540 20546 20552 20558 20564 20570 20576 20582 20588 20596 20602 20608 20614 20620 20626 20634 20642 20648 20654 20660 20666 20672 20678 20684 20690 20696 20701 20706 20712 20718 20724 20730 20736 20742 20748 20754 20762 20769 20775 20781 20787 20793 20799 20807 20813 20819 20825 20831 20837 20843 20849 20855 20861 20867 20873 20879 20885 20891 20897 20903 20909 20915 20921 20927 20933 20939 20945 20951 20957 20963 20969 20975 20981 20987 20993 20999 21007 21013 21019 21025 21031 21037 21045 21053 21059 21065 21071 21077 21083 21089 21095 21101 21106 21111 21117 21123 21129 21135 21141 21147 21153 21159 21165 21173 21181 21187 21193 21199 21205 21211 21219 21225 21231 21237 21243 21249 21255 21261 21267 21273 21279 21285 21291 21297 21303 21309 21315 
21321 21327 21333 21339 21345 21351 21357 21363 21369 21375 21381 21387 21393 21399 21405 21411 21419 21425 21431 21437 21443 21449 21457 21465 21471 21477 21483 21489 21495 21501 21507 21512 21517 21523 21529 21535 21541 21547 21553 21559 21565 21571 21578 21584 21591 21597 21603 21609 21615 21621 21627 21633 21639 21645 21651 21659 21665 21671 21677 21683 21689 21695 21701 21707 21713 21719 21725 21731 21737 21743 21749 21755 21761 21767 21773 21779 21785 21791 21797 21803 21809 21815 21821 21827 21833 21839 21845 21851 21857 21863 21869 21875 21883 21889 21895 21901 21907 21913 21921 21929 21935 21941 21947 21953 21959 21965 21970 21975 21981 21987 21993 21999 22005 22011 22017 22023 22029 22035 22043 22049 22057 22063 22069 22075 22081 22087 22093 22099 22105 22111 22117 22125 22131 22137 22143 22149 22155 22161 22167 22173 22179 22185 22191 22197 22203 22209 22215 22221 22227 22233 22239 22245 22251 22257 22263 22269 22275 22281 22287 22293 22299 22305 22311 22317 22323 22329 22335 22341 22348 22354 22362 22368 22375 22381 22387 22393 22399 22405 22410 22415 22421 22427 22433 22439 22445 22451 22457 22463 22469 22475 22481 22489 22495 22503 22509 22516 22522 22528 22534 22540 
22546 22552 22558 22564 22570 22576 22582 22588 22594 22600 22606 22612 22618 22624 22630 22636 22642 22648 22654 22660 22666 22672 22678 22684 22690 22696 22702 22708 22714 22720 22726 22732 22739 22745 22751 22757 22763 22771 22779 22785 22791 22797 22803 22809 22814 22819 22825 22831 22837 22843 22849 22855 22861 22867 22873 22879 22885 22891 22899 22907 22913 22919 22925 22931 22937 22945 22951 22957 22963 22969 22975 22981 22987 22993 22999 23005 23011 23017 23023 23029 23035 23041 23047 23053 23059 23065 23071 23077 23083 23089 23095 23101 23107 23113 23119 23125 23131 23137 23144 23150 23157 23163 23170 23176 23182 23188 23194 23199 23204 23210 23216 23222 23228 23234 23240 23246 23252 23258 23264 23270 23276 23282 23290 23298 23304 23310 23316 23322 23329 23335 23341 23347 23353 23359 23365 23371 23377 23383 23389 23395 23401 23407 23413 23419 23425 23431 23437 23443 23449 23457 23463 23469 23475 23481 23487 23494 23502 23508 23514 23520 23526 23531 23536 23542 23548 23554 23560 23566 23572 23578 23584 23590 23596 23602 23608 23614 23621 23627 23635 23641 23647 23653 23659 23665 23671 23677 23683 23689 23695 23703 23709 23715 23721 23727 23733 23739 23745 23751 23759 23765 
23771 23777 23783 23789 23795 23801 23807 23813 23819 23826 23832 23839 23845 23851 23857 23862 23866 23871 23876 23881 23886 23891 23896 23901 23906 23911 23916 23921 23926 23931 23936 23943 23949 23957 23962 23967 23973 23979 23985 23991 23997 24003 24009 24015 24022 24028 24034 24039 24044 24052 24058 24064 24070 24075 24080 24086 24092 24097 24102 24107 24111 